t,xA,yA,xB,yB
0.000000E0,2.713024E-2,8.363770E-2,8.039206E-2,3.495307E-2
1.668419E-2,2.712477E-2,8.364880E-2,8.038600E-2,3.494994E-2
3.336837E-2,2.715306E-2,8.363000E-2,8.039469E-2,3.495259E-2
5.005256E-2,2.714278E-2,8.363758E-2,8.038539E-2,3.495048E-2
6.673674E-2,2.713754E-2,8.363831E-2,8.038578E-2,3.495417E-2
8.342093E-2,2.711540E-2,8.363273E-2,8.036322E-2,3.495079E-2
1.001051E-1,2.711969E-2,8.363408E-2,8.037556E-2,3.495344E-2
1.167893E-1,2.714049E-2,8.362651E-2,8.038367E-2,3.495081E-2
1.334735E-1,2.710676E-2,8.365258E-2,8.037692E-2,3.495459E-2
1.501577E-1,2.710402E-2,8.363728E-2,8.037801E-2,3.494941E-2
1.668419E-1,2.711544E-2,8.363518E-2,8.038556E-2,3.494483E-2
1.835260E-1,2.712095E-2,8.362043E-2,8.037410E-2,3.493163E-2
2.002102E-1,2.712962E-2,8.362442E-2,8.037432E-2,3.493783E-2
2.168944E-1,2.712625E-2,8.362859E-2,8.037584E-2,3.494357E-2
2.335786E-1,2.712491E-2,8.363159E-2,8.038003E-2,3.494825E-2
2.502628E-1,2.711922E-2,8.362950E-2,8.036885E-2,3.494911E-2
2.669470E-1,2.709291E-2,8.363084E-2,8.036942E-2,3.494744E-2
2.836311E-1,2.711779E-2,8.362957E-2,8.036186E-2,3.494208E-2
3.003153E-1,2.711952E-2,8.363101E-2,8.037184E-2,3.494442E-2
3.169995E-1,2.711875E-2,8.363366E-2,8.037871E-2,3.494501E-2
3.336837E-1,2.712035E-2,8.363502E-2,8.037967E-2,3.494768E-2
3.503679E-1,2.712860E-2,8.364148E-2,8.038878E-2,3.495460E-2
3.670521E-1,2.713091E-2,8.365767E-2,8.038328E-2,3.495483E-2
3.837363E-1,2.710919E-2,8.364616E-2,8.037422E-2,3.495551E-2
4.004204E-1,2.712814E-2,8.364588E-2,8.038054E-2,3.495203E-2
4.171046E-1,2.711686E-2,8.364107E-2,8.037064E-2,3.495883E-2
4.337888E-1,2.713032E-2,8.364574E-2,8.037422E-2,3.495650E-2
4.504730E-1,2.712766E-2,8.364644E-2,8.037549E-2,3.495480E-2
4.671572E-1,2.711819E-2,8.364401E-2,8.037703E-2,3.495816E-2
4.838414E-1,2.710764E-2,8.363537E-2,8.038034E-2,3.496720E-2
5.005256E-1,2.711127E-2,8.363627E-2,8.037857E-2,3.496272E-2
5.172097E-1,2.711229E-2,8.364809E-2,8.038369E-2,3.495519E-2
5.338939E-1,2.711786E-2,8.364337E-2,8.038153E-2,3.495483E-2
5.505781E-1,2.713187E-2,8.364761E-2,8.038828E-2,3.495202E-2
5.672623E-1,2.713248E-2,8.364717E-2,8.038181E-2,3.495495E-2
5.839465E-1,2.712912E-2,8.364916E-2,8.038879E-2,3.495021E-2
6.006307E-1,2.712818E-2,8.364751E-2,8.038986E-2,3.495201E-2
6.173148E-1,2.712461E-2,8.364330E-2,8.037264E-2,3.495378E-2
6.339990E-1,2.712262E-2,8.364155E-2,8.037472E-2,3.495373E-2
6.506832E-1,2.712368E-2,8.364531E-2,8.037582E-2,3.495350E-2
6.673674E-1,2.712529E-2,8.364523E-2,8.038225E-2,3.494790E-2
6.840516E-1,2.719673E-2,8.366972E-2,8.038578E-2,3.489523E-2
7.007358E-1,2.726426E-2,8.366853E-2,8.037987E-2,3.483573E-2
7.174200E-1,2.725941E-2,8.366327E-2,8.037863E-2,3.483242E-2
7.341041E-1,2.727157E-2,8.366476E-2,8.038207E-2,3.482672E-2
7.507883E-1,2.727857E-2,8.365833E-2,8.036856E-2,3.483713E-2
7.674725E-1,2.728070E-2,8.365073E-2,8.038412E-2,3.479700E-2
7.841567E-1,2.727419E-2,8.364634E-2,8.036646E-2,3.480568E-2
8.008409E-1,2.728289E-2,8.364722E-2,8.037381E-2,3.479591E-2
8.175251E-1,2.727363E-2,8.364475E-2,8.037560E-2,3.479525E-2
8.342093E-1,2.728316E-2,8.364625E-2,8.037808E-2,3.479460E-2
8.508934E-1,2.747505E-2,8.366867E-2,8.031230E-2,3.461046E-2
8.675776E-1,2.769029E-2,8.373840E-2,8.030437E-2,3.437362E-2
8.842618E-1,2.778154E-2,8.378058E-2,8.026867E-2,3.428815E-2
9.009460E-1,2.814912E-2,8.387647E-2,8.017460E-2,3.390949E-2
9.176302E-1,2.832288E-2,8.390401E-2,8.014405E-2,3.371392E-2
9.343144E-1,2.831459E-2,8.390830E-2,8.016215E-2,3.373609E-2
9.509985E-1,2.830710E-2,8.392574E-2,8.017444E-2,3.374711E-2
9.676827E-1,2.852482E-2,8.398753E-2,8.015462E-2,3.360840E-2
9.843669E-1,2.905742E-2,8.412270E-2,8.003469E-2,3.303159E-2
1.001051E0,2.917518E-2,8.412351E-2,8.000645E-2,3.282756E-2
1.017735E0,2.911757E-2,8.413593E-2,8.000166E-2,3.288518E-2
1.034419E0,2.913599E-2,8.413478E-2,8.002109E-2,3.289675E-2
1.051104E0,2.912621E-2,8.412661E-2,8.002714E-2,3.288933E-2
1.067788E0,2.913815E-2,8.413128E-2,8.002981E-2,3.290067E-2
1.084472E0,2.914145E-2,8.411259E-2,8.002587E-2,3.290516E-2
1.101156E0,2.914817E-2,8.412289E-2,8.002276E-2,3.291820E-2
1.117840E0,2.914725E-2,8.412342E-2,8.003410E-2,3.291970E-2
1.134525E0,2.913754E-2,8.413339E-2,8.003978E-2,3.292380E-2
1.151209E0,2.923435E-2,8.412874E-2,7.999522E-2,3.280835E-2
1.167893E0,2.945190E-2,8.421951E-2,7.995666E-2,3.263755E-2
1.184577E0,2.950171E-2,8.417933E-2,7.993708E-2,3.254312E-2
1.201261E0,2.968740E-2,8.421054E-2,7.986414E-2,3.239078E-2
1.217946E0,2.979522E-2,8.422560E-2,7.981532E-2,3.225002E-2
1.234630E0,2.980440E-2,8.424758E-2,7.983159E-2,3.225838E-2
1.251314E0,2.979787E-2,8.427196E-2,7.984445E-2,3.226204E-2
1.267998E0,2.981516E-2,8.426506E-2,7.985066E-2,3.226234E-2
1.284682E0,2.979217E-2,8.426973E-2,7.985366E-2,3.223921E-2
1.301366E0,2.979598E-2,8.428643E-2,7.985798E-2,3.224846E-2
1.318051E0,2.981296E-2,8.428417E-2,7.986034E-2,3.225957E-2
1.334735E0,2.984325E-2,8.429121E-2,7.986459E-2,3.225705E-2
1.351419E0,2.983462E-2,8.429149E-2,7.985052E-2,3.219475E-2
1.368103E0,2.991941E-2,8.432724E-2,7.985208E-2,3.210140E-2
1.384787E0,3.002344E-2,8.432871E-2,7.977872E-2,3.200203E-2
1.401472E0,3.004093E-2,8.433747E-2,7.977285E-2,3.197176E-2
1.418156E0,3.002391E-2,8.432933E-2,7.973657E-2,3.195192E-2
1.434840E0,3.002490E-2,8.431524E-2,7.973329E-2,3.195014E-2
1.451524E0,3.029088E-2,8.437223E-2,7.965410E-2,3.165551E-2
1.468208E0,3.053845E-2,8.437760E-2,7.960082E-2,3.140460E-2
1.484892E0,3.052623E-2,8.435925E-2,7.959542E-2,3.140938E-2
1.501577E0,3.052271E-2,8.435463E-2,7.958207E-2,3.141812E-2
1.518261E0,3.050806E-2,8.434174E-2,7.956379E-2,3.143259E-2
1.534945E0,3.055343E-2,8.436276E-2,7.954238E-2,3.135888E-2
1.551629E0,3.061534E-2,8.435990E-2,7.953535E-2,3.131927E-2
1.568313E0,3.063554E-2,8.434116E-2,7.953729E-2,3.130501E-2
1.584998E0,3.070627E-2,8.435332E-2,7.952868E-2,3.126930E-2
1.601682E0,3.080567E-2,8.439815E-2,7.948129E-2,3.112812E-2
1.618366E0,3.087128E-2,8.441237E-2,7.946542E-2,3.104537E-2
1.635050E0,3.108512E-2,8.445189E-2,7.939409E-2,3.086945E-2
1.651734E0,3.132663E-2,8.449966E-2,7.929749E-2,3.059152E-2
1.668419E0,3.139567E-2,8.451389E-2,7.924616E-2,3.050883E-2
1.685103E0,3.141881E-2,8.450840E-2,7.923436E-2,3.049013E-2
1.701787E0,3.143772E-2,8.448949E-2,7.922790E-2,3.047705E-2
1.718471E0,3.144500E-2,8.448656E-2,7.922827E-2,3.046219E-2
1.735155E0,3.151313E-2,8.451585E-2,7.921698E-2,3.043361E-2
1.751839E0,3.151261E-2,8.449966E-2,7.920210E-2,3.038337E-2
1.768524E0,3.153491E-2,8.449980E-2,7.920261E-2,3.036583E-2
1.785208E0,3.152116E-2,8.449992E-2,7.917846E-2,3.034520E-2
1.801892E0,3.154491E-2,8.449456E-2,7.921038E-2,3.032550E-2
1.818576E0,3.157401E-2,8.448759E-2,7.921255E-2,3.031432E-2
1.835260E0,3.177128E-2,8.450901E-2,7.917214E-2,3.016247E-2
1.851945E0,3.193631E-2,8.451745E-2,7.911867E-2,2.996645E-2
1.868629E0,3.197441E-2,8.452567E-2,7.911985E-2,2.990466E-2
1.885313E0,3.207458E-2,8.452639E-2,7.906766E-2,2.988330E-2
1.901997E0,3.233094E-2,8.454607E-2,7.897151E-2,2.964169E-2
1.918681E0,3.247390E-2,8.459451E-2,7.888556E-2,2.948657E-2
1.935365E0,3.256615E-2,8.461154E-2,7.887357E-2,2.939855E-2
1.952050E0,3.260252E-2,8.463257E-2,7.886165E-2,2.938525E-2
1.968734E0,3.261932E-2,8.464059E-2,7.887001E-2,2.940100E-2
1.985418E0,3.269889E-2,8.465051E-2,7.886488E-2,2.935798E-2
2.002102E0,3.278481E-2,8.466925E-2,7.883054E-2,2.924655E-2
2.018786E0,3.279698E-2,8.466251E-2,7.883486E-2,2.920033E-2
2.035471E0,3.328164E-2,8.472834E-2,7.868885E-2,2.879491E-2
2.052155E0,3.353394E-2,8.475479E-2,7.860968E-2,2.846596E-2
2.068839E0,3.353275E-2,8.477927E-2,7.858303E-2,2.846274E-2
2.085523E0,3.352726E-2,8.479460E-2,7.857105E-2,2.845646E-2
2.102207E0,3.351448E-2,8.480031E-2,7.856817E-2,2.845393E-2
2.118892E0,3.350308E-2,8.480307E-2,7.856460E-2,2.845595E-2
2.135576E0,3.355420E-2,8.480168E-2,7.856958E-2,2.845380E-2
2.152260E0,3.415438E-2,8.488226E-2,7.834831E-2,2.794770E-2
2.168944E0,3.464106E-2,8.485073E-2,7.819783E-2,2.738456E-2
2.185628E0,3.484873E-2,8.490494E-2,7.812367E-2,2.723157E-2
2.202312E0,3.488390E-2,8.493634E-2,7.805396E-2,2.720023E-2
2.218997E0,3.496237E-2,8.495418E-2,7.805532E-2,2.714815E-2
2.235681E0,3.508469E-2,8.496154E-2,7.799399E-2,2.701759E-2
2.252365E0,3.526502E-2,8.497492E-2,7.795283E-2,2.683562E-2
2.269049E0,3.536059E-2,8.500266E-2,7.792262E-2,2.679004E-2
2.285733E0,3.530629E-2,8.497666E-2,7.790540E-2,2.677595E-2
2.302418E0,3.531537E-2,8.497793E-2,7.789817E-2,2.676542E-2
2.319102E0,3.545737E-2,8.498634E-2,7.786420E-2,2.668243E-2
2.335786E0,3.584419E-2,8.499971E-2,7.771459E-2,2.629226E-2
2.352470E0,3.599059E-2,8.499288E-2,7.764199E-2,2.606690E-2
2.369154E0,3.599381E-2,8.499422E-2,7.761531E-2,2.609171E-2
2.385838E0,3.598479E-2,8.499309E-2,7.759441E-2,2.610158E-2
2.402523E0,3.599399E-2,8.500425E-2,7.759041E-2,2.611158E-2
2.419207E0,3.599211E-2,8.500094E-2,7.758411E-2,2.611395E-2
2.435891E0,3.621572E-2,8.500137E-2,7.749297E-2,2.595071E-2
2.452575E0,3.640617E-2,8.499738E-2,7.746754E-2,2.580249E-2
2.469259E0,3.642475E-2,8.499434E-2,7.743930E-2,2.579334E-2
2.485944E0,3.648016E-2,8.500461E-2,7.741199E-2,2.575903E-2
2.502628E0,3.656212E-2,8.498805E-2,7.737140E-2,2.567090E-2
2.519312E0,3.665838E-2,8.500023E-2,7.733861E-2,2.560775E-2
2.535996E0,3.672230E-2,8.498461E-2,7.734358E-2,2.552355E-2
2.552680E0,3.682432E-2,8.501481E-2,7.730116E-2,2.544932E-2
2.569364E0,3.688930E-2,8.498572E-2,7.726772E-2,2.537905E-2
2.586049E0,3.693428E-2,8.498606E-2,7.723921E-2,2.530653E-2
2.602733E0,3.694997E-2,8.498792E-2,7.722212E-2,2.528623E-2
2.619417E0,3.713320E-2,8.498718E-2,7.716976E-2,2.517126E-2
2.636101E0,3.739630E-2,8.497832E-2,7.705152E-2,2.486236E-2
2.652785E0,3.754786E-2,8.497778E-2,7.703036E-2,2.475721E-2
2.669470E0,3.756543E-2,8.497819E-2,7.703997E-2,2.476807E-2
2.686154E0,3.754008E-2,8.497236E-2,7.703516E-2,2.479917E-2
2.702838E0,3.757580E-2,8.498009E-2,7.703623E-2,2.479610E-2
2.719522E0,3.763104E-2,8.498658E-2,7.702345E-2,2.476860E-2
2.736206E0,3.785199E-2,8.499890E-2,7.696416E-2,2.457805E-2
2.752891E0,3.792518E-2,8.498994E-2,7.686815E-2,2.448674E-2
2.769575E0,3.792861E-2,8.498435E-2,7.689208E-2,2.447693E-2
2.786259E0,3.793593E-2,8.498871E-2,7.689378E-2,2.447410E-2
2.802943E0,3.793356E-2,8.498358E-2,7.689613E-2,2.446999E-2
2.819627E0,3.793468E-2,8.498917E-2,7.688586E-2,2.447573E-2
2.836311E0,3.822045E-2,8.496651E-2,7.676809E-2,2.421839E-2
2.852996E0,3.847015E-2,8.497095E-2,7.666789E-2,2.400146E-2
2.869680E0,3.847538E-2,8.498362E-2,7.666661E-2,2.398381E-2
2.886364E0,3.849073E-2,8.498607E-2,7.666840E-2,2.395164E-2
2.903048E0,3.854356E-2,8.496824E-2,7.665906E-2,2.393477E-2
2.919732E0,3.857696E-2,8.497466E-2,7.668204E-2,2.391901E-2
2.936417E0,3.864679E-2,8.499615E-2,7.668678E-2,2.390839E-2
2.953101E0,3.861726E-2,8.498620E-2,7.667142E-2,2.391151E-2
2.969785E0,3.861424E-2,8.499129E-2,7.669252E-2,2.391856E-2
2.986469E0,3.860065E-2,8.496065E-2,7.669724E-2,2.392762E-2
3.003153E0,3.860939E-2,8.498000E-2,7.670062E-2,2.393388E-2
3.019837E0,3.873098E-2,8.497833E-2,7.664591E-2,2.384550E-2
3.036522E0,3.926760E-2,8.497048E-2,7.641048E-2,2.337191E-2
3.053206E0,3.956878E-2,8.488939E-2,7.624142E-2,2.297059E-2
3.069890E0,3.972450E-2,8.487550E-2,7.623711E-2,2.286035E-2
3.086574E0,3.969158E-2,8.487090E-2,7.623295E-2,2.287104E-2
3.103258E0,3.966690E-2,8.485693E-2,7.621665E-2,2.282614E-2
3.119943E0,3.965610E-2,8.484781E-2,7.621865E-2,2.282311E-2
3.136627E0,3.963230E-2,8.492474E-2,7.621092E-2,2.285147E-2
3.153311E0,3.963044E-2,8.494593E-2,7.620287E-2,2.290992E-2
3.169995E0,3.964383E-2,8.495720E-2,7.621904E-2,2.289170E-2
3.186679E0,3.969734E-2,8.495336E-2,7.621046E-2,2.290671E-2
3.203364E0,3.984742E-2,8.498390E-2,7.612740E-2,2.276569E-2
3.220048E0,3.998800E-2,8.496001E-2,7.604770E-2,2.260878E-2
3.236732E0,4.006947E-2,8.495347E-2,7.599542E-2,2.255701E-2
3.253416E0,4.008571E-2,8.495902E-2,7.601615E-2,2.256436E-2
3.270100E0,4.009377E-2,8.496940E-2,7.602209E-2,2.258137E-2
3.286784E0,4.030287E-2,8.496775E-2,7.592978E-2,2.241101E-2
3.303469E0,4.071837E-2,8.493854E-2,7.571779E-2,2.204702E-2
3.320153E0,4.092830E-2,8.486020E-2,7.565250E-2,2.178830E-2
3.336837E0,4.098987E-2,8.484198E-2,7.562522E-2,2.168758E-2
3.353521E0,4.106317E-2,8.487952E-2,7.554867E-2,2.167916E-2
3.370205E0,4.113209E-2,8.487647E-2,7.554436E-2,2.165777E-2
3.386890E0,4.109861E-2,8.485154E-2,7.554588E-2,2.164959E-2
3.403574E0,4.110165E-2,8.483791E-2,7.554418E-2,2.162700E-2
3.420258E0,4.111168E-2,8.483050E-2,7.555270E-2,2.162072E-2
3.436942E0,4.112584E-2,8.483500E-2,7.555089E-2,2.163333E-2
3.453626E0,4.112030E-2,8.482962E-2,7.555168E-2,2.163214E-2
3.470310E0,4.110987E-2,8.481952E-2,7.554976E-2,2.162703E-2
3.486995E0,4.113286E-2,8.482231E-2,7.555683E-2,2.160820E-2
3.503679E0,4.114882E-2,8.483865E-2,7.555551E-2,2.161625E-2
3.520363E0,4.116914E-2,8.483717E-2,7.556050E-2,2.158036E-2
3.537047E0,4.131773E-2,8.483112E-2,7.545364E-2,2.147537E-2
3.553731E0,4.140631E-2,8.479709E-2,7.536008E-2,2.133815E-2
3.570416E0,4.148722E-2,8.481079E-2,7.536404E-2,2.129078E-2
3.587100E0,4.164680E-2,8.481647E-2,7.527282E-2,2.117012E-2
3.603784E0,4.196110E-2,8.476634E-2,7.511150E-2,2.083070E-2
3.620468E0,4.214482E-2,8.474930E-2,7.500584E-2,2.063543E-2
3.637152E0,4.240267E-2,8.475593E-2,7.487230E-2,2.044473E-2
3.653837E0,4.248495E-2,8.475922E-2,7.485207E-2,2.037342E-2
3.670521E0,4.247684E-2,8.476795E-2,7.484036E-2,2.031667E-2
3.687205E0,4.247523E-2,8.477745E-2,7.485080E-2,2.030485E-2
3.703889E0,4.246427E-2,8.477768E-2,7.485185E-2,2.029405E-2
3.720573E0,4.248957E-2,8.478672E-2,7.486143E-2,2.029554E-2
3.737257E0,4.249097E-2,8.480086E-2,7.486497E-2,2.029882E-2
3.753942E0,4.249271E-2,8.481649E-2,7.486740E-2,2.029529E-2
3.770626E0,4.250349E-2,8.481360E-2,7.487587E-2,2.028399E-2
3.787310E0,4.250738E-2,8.483037E-2,7.485042E-2,2.025182E-2
3.803994E0,4.265869E-2,8.481186E-2,7.474338E-2,2.011752E-2
3.820678E0,4.276977E-2,8.474745E-2,7.470037E-2,1.998130E-2
3.837363E0,4.281301E-2,8.477631E-2,7.465304E-2,1.994911E-2
3.854047E0,4.285221E-2,8.478540E-2,7.467107E-2,1.993577E-2
3.870731E0,4.285368E-2,8.480036E-2,7.467177E-2,1.994045E-2
3.887415E0,4.303520E-2,8.474698E-2,7.456131E-2,1.974351E-2
3.904099E0,4.331477E-2,8.472030E-2,7.443302E-2,1.949160E-2
3.920783E0,4.353292E-2,8.469069E-2,7.428386E-2,1.928556E-2
3.937468E0,4.368965E-2,8.465178E-2,7.419437E-2,1.915660E-2
3.954152E0,4.369843E-2,8.462351E-2,7.416609E-2,1.909143E-2
3.970836E0,4.382533E-2,8.466624E-2,7.412618E-2,1.907252E-2
3.987520E0,4.390988E-2,8.465848E-2,7.406357E-2,1.903227E-2
4.004204E0,4.394373E-2,8.464242E-2,7.403888E-2,1.897816E-2
4.020889E0,4.397382E-2,8.462189E-2,7.404132E-2,1.890865E-2
4.037573E0,4.401806E-2,8.465955E-2,7.399432E-2,1.893261E-2
4.054257E0,4.430909E-2,8.463102E-2,7.382868E-2,1.870320E-2
4.070941E0,4.467074E-2,8.453880E-2,7.367293E-2,1.835240E-2
4.087625E0,4.489222E-2,8.441425E-2,7.355815E-2,1.805580E-2
4.104310E0,4.501032E-2,8.443334E-2,7.346398E-2,1.792729E-2
4.120994E0,4.505058E-2,8.442277E-2,7.342512E-2,1.790379E-2
4.137678E0,4.509213E-2,8.442856E-2,7.342672E-2,1.791174E-2
4.154362E0,4.509475E-2,8.444101E-2,7.340318E-2,1.791597E-2
4.171046E0,4.510062E-2,8.444626E-2,7.340267E-2,1.792934E-2
4.187730E0,4.521050E-2,8.446711E-2,7.334154E-2,1.789300E-2
4.204415E0,4.528949E-2,8.446825E-2,7.328656E-2,1.783853E-2
4.221099E0,4.531514E-2,8.445081E-2,7.327048E-2,1.775857E-2
4.237783E0,4.533764E-2,8.447122E-2,7.325377E-2,1.777711E-2
4.254467E0,4.532850E-2,8.444163E-2,7.324521E-2,1.776010E-2
4.271151E0,4.531801E-2,8.445912E-2,7.323616E-2,1.776771E-2
4.287836E0,4.537463E-2,8.445260E-2,7.318315E-2,1.777368E-2
4.304520E0,4.545071E-2,8.447813E-2,7.310750E-2,1.768903E-2
4.321204E0,4.552625E-2,8.442047E-2,7.307259E-2,1.760647E-2
4.337888E0,4.562506E-2,8.443674E-2,7.303696E-2,1.754730E-2
4.354572E0,4.566187E-2,8.441776E-2,7.300059E-2,1.748320E-2
4.371256E0,4.565912E-2,8.442687E-2,7.298711E-2,1.745193E-2
4.387941E0,4.573126E-2,8.442150E-2,7.298209E-2,1.739908E-2
4.404625E0,4.580132E-2,8.443431E-2,7.288039E-2,1.736149E-2
4.421309E0,4.583337E-2,8.444075E-2,7.287037E-2,1.731044E-2
4.437993E0,4.582073E-2,8.443409E-2,7.287743E-2,1.728220E-2
4.454677E0,4.584434E-2,8.445174E-2,7.287916E-2,1.728617E-2
4.471362E0,4.583356E-2,8.444834E-2,7.286386E-2,1.728585E-2
4.488046E0,4.602163E-2,8.447535E-2,7.269784E-2,1.718651E-2
4.504730E0,4.623032E-2,8.441094E-2,7.258739E-2,1.697930E-2
4.521414E0,4.651971E-2,8.432860E-2,7.243515E-2,1.670536E-2
4.538098E0,4.671939E-2,8.422805E-2,7.228696E-2,1.645322E-2
4.554783E0,4.676089E-2,8.425393E-2,7.226240E-2,1.644241E-2
4.571467E0,4.676984E-2,8.426900E-2,7.225737E-2,1.644205E-2
4.588151E0,4.687921E-2,8.426065E-2,7.219277E-2,1.640225E-2
4.604835E0,4.699406E-2,8.426375E-2,7.212015E-2,1.630678E-2
4.621519E0,4.711463E-2,8.422568E-2,7.202628E-2,1.620402E-2
4.638203E0,4.712628E-2,8.423361E-2,7.202165E-2,1.615393E-2
4.654888E0,4.715932E-2,8.427638E-2,7.202874E-2,1.614798E-2
4.671572E0,4.714822E-2,8.426000E-2,7.200202E-2,1.611777E-2
4.688256E0,4.713548E-2,8.426351E-2,7.201875E-2,1.610911E-2
4.704940E0,4.712817E-2,8.427197E-2,7.202981E-2,1.611525E-2
4.721624E0,4.712657E-2,8.428422E-2,7.203816E-2,1.612613E-2
4.738309E0,4.719774E-2,8.427391E-2,7.200554E-2,1.611405E-2
4.754993E0,4.738260E-2,8.427726E-2,7.186918E-2,1.600512E-2
4.771677E0,4.755364E-2,8.418830E-2,7.178428E-2,1.582479E-2
4.788361E0,4.775992E-2,8.412046E-2,7.163500E-2,1.561906E-2
4.805045E0,4.782971E-2,8.413417E-2,7.159451E-2,1.557217E-2
4.821729E0,4.781428E-2,8.413225E-2,7.158116E-2,1.559192E-2
4.838414E0,4.779464E-2,8.412934E-2,7.157056E-2,1.560836E-2
4.855098E0,4.778983E-2,8.412897E-2,7.156781E-2,1.561609E-2
4.871782E0,4.777612E-2,8.412949E-2,7.155255E-2,1.562320E-2
4.888466E0,4.785025E-2,8.415685E-2,7.150129E-2,1.561394E-2
4.905150E0,4.790568E-2,8.408393E-2,7.142944E-2,1.549247E-2
4.921835E0,4.797374E-2,8.409953E-2,7.142328E-2,1.543292E-2
4.938519E0,4.795363E-2,8.410392E-2,7.138879E-2,1.544920E-2
4.955203E0,4.796737E-2,8.412008E-2,7.140495E-2,1.545665E-2
4.971887E0,4.800226E-2,8.411185E-2,7.137798E-2,1.542724E-2
4.988571E0,4.808162E-2,8.407793E-2,7.127679E-2,1.532326E-2
5.005256E0,4.814861E-2,8.408512E-2,7.123580E-2,1.525677E-2
5.021940E0,4.813919E-2,8.409770E-2,7.123180E-2,1.528389E-2
5.038624E0,4.820267E-2,8.410755E-2,7.120656E-2,1.529201E-2
5.055308E0,4.840693E-2,8.407506E-2,7.106444E-2,1.513535E-2
5.071992E0,4.863507E-2,8.398842E-2,7.093294E-2,1.491056E-2
5.088676E0,4.885376E-2,8.390464E-2,7.074387E-2,1.473408E-2
5.105361E0,4.896996E-2,8.391168E-2,7.068021E-2,1.466570E-2
5.122045E0,4.895177E-2,8.393473E-2,7.069338E-2,1.466447E-2
5.138729E0,4.895714E-2,8.393350E-2,7.070497E-2,1.465204E-2
5.155413E0,4.895244E-2,8.394119E-2,7.071800E-2,1.465628E-2
5.172097E0,4.894980E-2,8.394241E-2,7.071863E-2,1.464062E-2
5.188782E0,4.905581E-2,8.394180E-2,7.068343E-2,1.461042E-2
5.205466E0,4.924977E-2,8.387621E-2,7.056947E-2,1.446158E-2
5.222150E0,4.939710E-2,8.379181E-2,7.046539E-2,1.431783E-2
5.238834E0,4.943336E-2,8.380251E-2,7.040975E-2,1.431149E-2
5.255518E0,4.942920E-2,8.379671E-2,7.040581E-2,1.430194E-2
5.272202E0,4.950560E-2,8.381315E-2,7.036233E-2,1.427017E-2
5.288887E0,4.958668E-2,8.376465E-2,7.026437E-2,1.417612E-2
5.305571E0,4.966235E-2,8.377651E-2,7.022603E-2,1.412228E-2
5.322255E0,4.965030E-2,8.379025E-2,7.022671E-2,1.412591E-2
5.338939E0,4.966778E-2,8.378500E-2,7.022551E-2,1.413042E-2
5.355623E0,4.981152E-2,8.372886E-2,7.007658E-2,1.395861E-2
5.372308E0,4.997895E-2,8.367654E-2,6.994082E-2,1.382178E-2
5.388992E0,5.000093E-2,8.365362E-2,6.991445E-2,1.374933E-2
5.405676E0,4.998416E-2,8.363468E-2,6.991876E-2,1.378182E-2
5.422360E0,4.997765E-2,8.364269E-2,6.991427E-2,1.379239E-2
5.439044E0,5.002722E-2,8.364069E-2,6.987539E-2,1.379340E-2
5.455729E0,5.028592E-2,8.360176E-2,6.973338E-2,1.364285E-2
5.472413E0,5.052818E-2,8.347666E-2,6.956962E-2,1.339858E-2
5.489097E0,5.071133E-2,8.336036E-2,6.944495E-2,1.319735E-2
5.505781E0,5.077209E-2,8.330404E-2,6.937066E-2,1.311441E-2
5.522465E0,5.077351E-2,8.330228E-2,6.937948E-2,1.312034E-2
5.539149E0,5.077601E-2,8.331082E-2,6.940498E-2,1.313217E-2
5.555834E0,5.080298E-2,8.333257E-2,6.940249E-2,1.314704E-2
5.572518E0,5.078637E-2,8.331488E-2,6.939359E-2,1.314801E-2
5.589202E0,5.102515E-2,8.331855E-2,6.918937E-2,1.307578E-2
5.605886E0,5.126377E-2,8.320430E-2,6.905775E-2,1.287870E-2
5.622570E0,5.142121E-2,8.305769E-2,6.891884E-2,1.261141E-2
5.639255E0,5.155624E-2,8.299523E-2,6.881696E-2,1.250491E-2
5.655939E0,5.157015E-2,8.298513E-2,6.880511E-2,1.249308E-2
5.672623E0,5.157915E-2,8.297837E-2,6.878292E-2,1.248972E-2
5.689307E0,5.158200E-2,8.297169E-2,6.876542E-2,1.248812E-2
5.705991E0,5.159279E-2,8.297236E-2,6.876457E-2,1.248766E-2
5.722675E0,5.159866E-2,8.296878E-2,6.875750E-2,1.248194E-2
5.739360E0,5.159906E-2,8.296593E-2,6.874836E-2,1.247308E-2
5.756044E0,5.169725E-2,8.297617E-2,6.871047E-2,1.248113E-2
5.772728E0,5.174324E-2,8.298646E-2,6.871461E-2,1.248252E-2
5.789412E0,5.174441E-2,8.297541E-2,6.870596E-2,1.247701E-2
5.806096E0,5.174664E-2,8.296989E-2,6.870669E-2,1.247733E-2
5.822781E0,5.179870E-2,8.300032E-2,6.873502E-2,1.247626E-2
5.839465E0,5.177665E-2,8.299163E-2,6.872666E-2,1.248552E-2
5.856149E0,5.177574E-2,8.298355E-2,6.873196E-2,1.248139E-2
5.872833E0,5.176956E-2,8.297981E-2,6.871175E-2,1.249187E-2
5.889517E0,5.187135E-2,8.296832E-2,6.868314E-2,1.246064E-2
5.906202E0,5.198919E-2,8.296514E-2,6.857121E-2,1.237748E-2
5.922886E0,5.210799E-2,8.288228E-2,6.854735E-2,1.227190E-2
5.939570E0,5.212292E-2,8.282306E-2,6.848014E-2,1.218201E-2
5.956254E0,5.215203E-2,8.282411E-2,6.842290E-2,1.215043E-2
5.972938E0,5.234713E-2,8.274744E-2,6.825946E-2,1.199938E-2
5.989622E0,5.257148E-2,8.265879E-2,6.811343E-2,1.181888E-2
6.006307E0,5.267040E-2,8.251962E-2,6.798729E-2,1.164086E-2
6.022991E0,5.271144E-2,8.246979E-2,6.790094E-2,1.160983E-2
6.039675E0,5.274022E-2,8.246939E-2,6.790512E-2,1.162294E-2
6.056359E0,5.293435E-2,8.250122E-2,6.775167E-2,1.156136E-2
6.073043E0,5.295996E-2,8.247891E-2,6.772382E-2,1.149749E-2
6.089728E0,5.299029E-2,8.244533E-2,6.769964E-2,1.145480E-2
6.106412E0,5.305876E-2,8.234165E-2,6.765285E-2,1.135500E-2
6.123096E0,5.332043E-2,8.234873E-2,6.749465E-2,1.130145E-2
6.139780E0,5.379332E-2,8.220725E-2,6.709203E-2,1.099400E-2
6.156464E0,5.427023E-2,8.189410E-2,6.669072E-2,1.053958E-2
6.173148E0,5.461699E-2,8.171245E-2,6.641361E-2,1.019232E-2
6.189833E0,5.459714E-2,8.171923E-2,6.643153E-2,1.021494E-2
6.206517E0,5.461596E-2,8.169950E-2,6.642104E-2,1.017863E-2
6.223201E0,5.460574E-2,8.168357E-2,6.641293E-2,1.017288E-2
6.239885E0,5.460741E-2,8.167143E-2,6.641614E-2,1.015720E-2
6.256569E0,5.462906E-2,8.167754E-2,6.642620E-2,1.016100E-2
6.273254E0,5.459927E-2,8.165126E-2,6.641141E-2,1.015689E-2
6.289938E0,5.460819E-2,8.165606E-2,6.641092E-2,1.016379E-2
6.306622E0,5.461476E-2,8.165010E-2,6.643067E-2,1.014891E-2
6.323306E0,5.460909E-2,8.164802E-2,6.642496E-2,1.015106E-2
6.339990E0,5.461349E-2,8.164910E-2,6.642052E-2,1.015457E-2
6.356675E0,5.460819E-2,8.164751E-2,6.641048E-2,1.015788E-2
6.373359E0,5.460735E-2,8.164639E-2,6.640803E-2,1.016310E-2
6.390043E0,5.460161E-2,8.163883E-2,6.641454E-2,1.015608E-2
6.406727E0,5.460938E-2,8.164695E-2,6.641499E-2,1.015684E-2
6.423411E0,5.467265E-2,8.163916E-2,6.635969E-2,1.011886E-2
6.440095E0,5.494928E-2,8.160815E-2,6.612142E-2,9.990702E-3
6.456780E0,5.505368E-2,8.143461E-2,6.601390E-2,9.828664E-3
6.473464E0,5.525015E-2,8.136586E-2,6.589846E-2,9.705636E-3
6.490148E0,5.524922E-2,8.134224E-2,6.590373E-2,9.677541E-3
6.506832E0,5.524728E-2,8.132239E-2,6.590558E-2,9.659751E-3
6.523516E0,5.525821E-2,8.133625E-2,6.590589E-2,9.670106E-3
6.540201E0,5.526251E-2,8.132966E-2,6.590648E-2,9.668191E-3
6.556885E0,5.527215E-2,8.132832E-2,6.590353E-2,9.665926E-3
6.573569E0,5.559227E-2,8.129149E-2,6.563235E-2,9.532562E-3
6.590253E0,5.577013E-2,8.114617E-2,6.549762E-2,9.357864E-3
6.606937E0,5.595749E-2,8.104044E-2,6.532137E-2,9.125841E-3
6.623621E0,5.597215E-2,8.104656E-2,6.529909E-2,9.151302E-3
6.640306E0,5.608726E-2,8.094666E-2,6.518624E-2,9.094440E-3
6.656990E0,5.616918E-2,8.094613E-2,6.513191E-2,9.009699E-3
6.673674E0,5.614709E-2,8.094671E-2,6.512191E-2,8.995098E-3
6.690358E0,5.613156E-2,8.095160E-2,6.511150E-2,8.990320E-3
6.707042E0,5.612891E-2,8.095928E-2,6.511177E-2,8.991373E-3
6.723727E0,5.612339E-2,8.096400E-2,6.510322E-2,8.992182E-3
6.740411E0,5.618546E-2,8.093747E-2,6.505245E-2,8.987397E-3
6.757095E0,5.655510E-2,8.084706E-2,6.480608E-2,8.799743E-3
6.773779E0,5.673823E-2,8.067489E-2,6.460499E-2,8.621273E-3
6.790463E0,5.690937E-2,8.056500E-2,6.442510E-2,8.457411E-3
6.807148E0,5.692053E-2,8.059015E-2,6.442057E-2,8.477983E-3
6.823832E0,5.692290E-2,8.060266E-2,6.441863E-2,8.479325E-3
6.840516E0,5.692559E-2,8.061400E-2,6.441886E-2,8.478397E-3
6.857200E0,5.692811E-2,8.062322E-2,6.441678E-2,8.478950E-3
6.873884E0,5.692903E-2,8.062783E-2,6.441624E-2,8.478974E-3
6.890568E0,5.693191E-2,8.063229E-2,6.439537E-2,8.484586E-3
6.907253E0,5.694723E-2,8.062603E-2,6.439073E-2,8.469383E-3
6.923937E0,5.708718E-2,8.058259E-2,6.423405E-2,8.384166E-3
6.940621E0,5.732911E-2,8.046596E-2,6.403251E-2,8.194814E-3
6.957305E0,5.753137E-2,8.032278E-2,6.387505E-2,8.016446E-3
6.973989E0,5.754288E-2,8.032651E-2,6.387710E-2,8.025377E-3
6.990674E0,5.755495E-2,8.032207E-2,6.387838E-2,8.019399E-3
7.007358E0,5.757038E-2,8.032228E-2,6.389413E-2,8.018714E-3
7.024042E0,5.757783E-2,8.032004E-2,6.389896E-2,8.016786E-3
7.040726E0,5.758432E-2,8.031923E-2,6.390169E-2,8.012793E-3
7.057410E0,5.778139E-2,8.026062E-2,6.374552E-2,7.916779E-3
7.074094E0,5.795493E-2,8.014210E-2,6.358214E-2,7.768428E-3
7.090779E0,5.798199E-2,8.014599E-2,6.354653E-2,7.766260E-3
7.107463E0,5.796512E-2,8.014280E-2,6.355653E-2,7.778363E-3
7.124147E0,5.800592E-2,8.009296E-2,6.346229E-2,7.730327E-3
7.140831E0,5.823328E-2,8.000144E-2,6.327539E-2,7.561293E-3
7.157515E0,5.827343E-2,7.995487E-2,6.319265E-2,7.497421E-3
7.174200E0,5.827248E-2,7.996461E-2,6.320992E-2,7.499938E-3
7.190884E0,5.826714E-2,7.996648E-2,6.322051E-2,7.497995E-3
7.207568E0,5.826462E-2,7.996831E-2,6.322871E-2,7.495746E-3
7.224252E0,5.826255E-2,7.996939E-2,6.323301E-2,7.494264E-3
7.240936E0,5.827026E-2,7.996059E-2,6.322746E-2,7.481306E-3
7.257621E0,5.835652E-2,7.992252E-2,6.320450E-2,7.469154E-3
7.274305E0,5.860443E-2,7.979807E-2,6.297691E-2,7.266873E-3
7.290989E0,5.878414E-2,7.969329E-2,6.278144E-2,7.130461E-3
7.307673E0,5.877741E-2,7.968342E-2,6.276759E-2,7.145737E-3
7.324357E0,5.877512E-2,7.967049E-2,6.276675E-2,7.138787E-3
7.341041E0,5.878211E-2,7.967901E-2,6.276926E-2,7.150533E-3
7.357726E0,5.878004E-2,7.967327E-2,6.276446E-2,7.157594E-3
7.374410E0,5.877504E-2,7.966645E-2,6.275984E-2,7.158198E-3
7.391094E0,5.877128E-2,7.965930E-2,6.275739E-2,7.155609E-3
7.407778E0,5.877702E-2,7.966266E-2,6.275660E-2,7.164438E-3
7.424462E0,5.877050E-2,7.965242E-2,6.274532E-2,7.157282E-3
7.441147E0,5.881439E-2,7.964834E-2,6.267783E-2,7.156521E-3
7.457831E0,5.893626E-2,7.955731E-2,6.259074E-2,7.047227E-3
7.474515E0,5.894328E-2,7.956766E-2,6.260348E-2,7.034849E-3
7.491199E0,5.892905E-2,7.956852E-2,6.257946E-2,7.007971E-3
7.507883E0,5.894267E-2,7.958957E-2,6.256453E-2,7.001530E-3
7.524567E0,5.906475E-2,7.954721E-2,6.253488E-2,6.964970E-3
7.541252E0,5.912925E-2,7.948199E-2,6.242891E-2,6.877724E-3
7.557936E0,5.918938E-2,7.944882E-2,6.240646E-2,6.864323E-3
7.574620E0,5.928077E-2,7.940713E-2,6.231300E-2,6.753862E-3
7.591304E0,5.937312E-2,7.932347E-2,6.217745E-2,6.723292E-3
7.607988E0,5.940283E-2,7.932055E-2,6.219520E-2,6.709721E-3
7.624673E0,5.946623E-2,7.932989E-2,6.215892E-2,6.646793E-3
7.641357E0,5.951670E-2,7.923567E-2,6.208079E-2,6.603194E-3
7.658041E0,5.955935E-2,7.924853E-2,6.208023E-2,6.595880E-3
7.674725E0,5.977840E-2,7.917828E-2,6.189828E-2,6.512914E-3
7.691409E0,5.987883E-2,7.907910E-2,6.175954E-2,6.409932E-3
7.708093E0,5.987772E-2,7.907203E-2,6.175447E-2,6.423025E-3
7.724778E0,5.991046E-2,7.910563E-2,6.176879E-2,6.441054E-3
7.741462E0,5.990509E-2,7.911472E-2,6.175493E-2,6.445306E-3
7.758146E0,5.990907E-2,7.911924E-2,6.175330E-2,6.451762E-3
7.774830E0,5.992781E-2,7.913726E-2,6.174310E-2,6.462789E-3
7.791514E0,6.020358E-2,7.895236E-2,6.147624E-2,6.275195E-3
7.808199E0,6.057598E-2,7.871795E-2,6.108947E-2,6.034296E-3
7.824883E0,6.063001E-2,7.870667E-2,6.104224E-2,6.014164E-3
7.841567E0,6.064730E-2,7.867595E-2,6.105243E-2,5.979923E-3
7.858251E0,6.067583E-2,7.861451E-2,6.098924E-2,5.939502E-3
7.874935E0,6.069488E-2,7.861140E-2,6.096681E-2,5.945223E-3
7.891620E0,6.075104E-2,7.861431E-2,6.091626E-2,5.933334E-3
7.908304E0,6.078667E-2,7.860500E-2,6.087504E-2,5.934648E-3
7.924988E0,6.091121E-2,7.850540E-2,6.077648E-2,5.827295E-3
7.941672E0,6.115359E-2,7.837507E-2,6.053147E-2,5.688571E-3
7.958356E0,6.126831E-2,7.828163E-2,6.041885E-2,5.594650E-3
7.975040E0,6.127772E-2,7.825365E-2,6.032799E-2,5.517593E-3
7.991725E0,6.127994E-2,7.826796E-2,6.030463E-2,5.510016E-3
8.008409E0,6.129031E-2,7.829542E-2,6.029061E-2,5.510714E-3
8.025093E0,6.140382E-2,7.823013E-2,6.014642E-2,5.441672E-3
8.041777E0,6.176446E-2,7.798493E-2,5.976696E-2,5.175044E-3
8.058461E0,6.195308E-2,7.785481E-2,5.953890E-2,5.055141E-3
8.075146E0,6.195214E-2,7.786870E-2,5.957295E-2,5.056126E-3
8.091830E0,6.194861E-2,7.785946E-2,5.958283E-2,5.052624E-3
8.108514E0,6.194365E-2,7.784376E-2,5.959314E-2,5.032339E-3
8.125198E0,6.193825E-2,7.783305E-2,5.959410E-2,5.019032E-3
8.141882E0,6.193280E-2,7.782755E-2,5.957519E-2,5.014555E-3
8.158566E0,6.193214E-2,7.782366E-2,5.958475E-2,5.007338E-3
8.175251E0,6.192830E-2,7.781393E-2,5.958580E-2,5.002379E-3
8.191935E0,6.217166E-2,7.762492E-2,5.935856E-2,4.861673E-3
8.208619E0,6.242296E-2,7.749104E-2,5.914252E-2,4.656818E-3
8.225303E0,6.242077E-2,7.749290E-2,5.912859E-2,4.675311E-3
8.241987E0,6.240874E-2,7.748671E-2,5.911997E-2,4.670640E-3
8.258672E0,6.241623E-2,7.749041E-2,5.911737E-2,4.666858E-3
8.275356E0,6.241112E-2,7.748374E-2,5.910860E-2,4.664306E-3
8.292040E0,6.240933E-2,7.747981E-2,5.909353E-2,4.667514E-3
8.308724E0,6.241145E-2,7.747804E-2,5.909324E-2,4.665848E-3
8.325408E0,6.243822E-2,7.747494E-2,5.908907E-2,4.666678E-3
8.342093E0,6.256361E-2,7.736447E-2,5.891718E-2,4.576898E-3
8.358777E0,6.258050E-2,7.734638E-2,5.892092E-2,4.551519E-3
8.375461E0,6.258235E-2,7.733519E-2,5.892529E-2,4.525873E-3
8.392145E0,6.259340E-2,7.732052E-2,5.892948E-2,4.512851E-3
8.408829E0,6.256869E-2,7.729217E-2,5.892380E-2,4.492467E-3
8.425513E0,6.259037E-2,7.731195E-2,5.890099E-2,4.509140E-3
8.442198E0,6.261631E-2,7.727572E-2,5.883350E-2,4.436823E-3
8.458882E0,6.261947E-2,7.728613E-2,5.881362E-2,4.443192E-3
8.475566E0,6.261141E-2,7.729366E-2,5.880072E-2,4.461865E-3
8.492250E0,6.276307E-2,7.720541E-2,5.872135E-2,4.421085E-3
8.508934E0,6.280644E-2,7.712907E-2,5.857314E-2,4.341003E-3
8.525619E0,6.280315E-2,7.715303E-2,5.857753E-2,4.353336E-3
8.542303E0,6.279471E-2,7.714960E-2,5.858581E-2,4.348232E-3
8.558987E0,6.281747E-2,7.714033E-2,5.855524E-2,4.338817E-3
8.575671E0,6.281054E-2,7.714190E-2,5.854663E-2,4.336284E-3
8.592355E0,6.288537E-2,7.704385E-2,5.854311E-2,4.307145E-3
8.609039E0,6.292998E-2,7.702740E-2,5.848841E-2,4.260102E-3
8.625724E0,6.292442E-2,7.699908E-2,5.846537E-2,4.268852E-3
8.642408E0,6.292839E-2,7.698734E-2,5.844285E-2,4.272192E-3
8.659092E0,6.296227E-2,7.698150E-2,5.841931E-2,4.285338E-3
8.675776E0,6.308062E-2,7.687552E-2,5.824320E-2,4.205024E-3
8.692460E0,6.311487E-2,7.683868E-2,5.822854E-2,4.162709E-3
8.709145E0,6.310616E-2,7.683062E-2,5.823867E-2,4.159060E-3
8.725829E0,6.310503E-2,7.683031E-2,5.824419E-2,4.168617E-3
8.742513E0,6.311042E-2,7.682494E-2,5.824501E-2,4.164881E-3
8.759197E0,6.315347E-2,7.679330E-2,5.823751E-2,4.131060E-3
8.775881E0,6.314931E-2,7.679747E-2,5.822405E-2,4.139455E-3
8.792566E0,6.324219E-2,7.671350E-2,5.810220E-2,4.059338E-3
8.809250E0,6.326569E-2,7.666583E-2,5.802522E-2,4.033480E-3
8.825934E0,6.326706E-2,7.666053E-2,5.804497E-2,4.021682E-3
8.842618E0,6.328205E-2,7.665921E-2,5.806226E-2,4.009208E-3
8.859302E0,6.327923E-2,7.665903E-2,5.807722E-2,4.000641E-3
8.875986E0,6.325203E-2,7.664742E-2,5.807007E-2,3.999522E-3
8.892671E0,6.327957E-2,7.666004E-2,5.807992E-2,4.002108E-3
8.909355E0,6.328868E-2,7.665341E-2,5.806723E-2,3.998158E-3
8.926039E0,6.331757E-2,7.662945E-2,5.803831E-2,3.977483E-3
8.942723E0,6.342157E-2,7.656281E-2,5.797403E-2,3.937698E-3
8.959407E0,6.351296E-2,7.645518E-2,5.788720E-2,3.914135E-3
8.976092E0,6.354137E-2,7.645830E-2,5.789091E-2,3.920363E-3
8.992776E0,6.354975E-2,7.646857E-2,5.790019E-2,3.941510E-3
9.009460E0,6.356239E-2,7.647151E-2,5.790602E-2,3.950885E-3
9.026144E0,6.357784E-2,7.647532E-2,5.791025E-2,3.953018E-3
9.042828E0,6.358618E-2,7.647732E-2,5.791378E-2,3.957386E-3
9.059512E0,6.358550E-2,7.647483E-2,5.791522E-2,3.961386E-3
9.076197E0,6.357842E-2,7.645384E-2,5.789011E-2,3.947928E-3
9.092881E0,6.375712E-2,7.635019E-2,5.772749E-2,3.878958E-3
9.109565E0,6.388769E-2,7.622120E-2,5.760364E-2,3.765934E-3
9.126249E0,6.390208E-2,7.620400E-2,5.760484E-2,3.779472E-3
9.142933E0,6.390856E-2,7.619025E-2,5.760234E-2,3.786774E-3
9.159618E0,6.388463E-2,7.617228E-2,5.758952E-2,3.799541E-3
9.176302E0,6.390959E-2,7.616600E-2,5.760172E-2,3.794640E-3
9.192986E0,6.391271E-2,7.616054E-2,5.760010E-2,3.798765E-3
9.209670E0,6.389456E-2,7.615182E-2,5.758267E-2,3.801057E-3
9.226354E0,6.392321E-2,7.616200E-2,5.758633E-2,3.807712E-3
9.243039E0,6.397497E-2,7.612079E-2,5.751677E-2,3.781315E-3
9.259723E0,6.417275E-2,7.592650E-2,5.730228E-2,3.629308E-3
9.276407E0,6.421190E-2,7.593941E-2,5.725113E-2,3.633035E-3
9.293091E0,6.422909E-2,7.594588E-2,5.725068E-2,3.639735E-3
9.309775E0,6.423688E-2,7.595560E-2,5.725226E-2,3.638947E-3
9.326459E0,6.429363E-2,7.596005E-2,5.718436E-2,3.631444E-3
9.343144E0,6.445574E-2,7.583058E-2,5.701296E-2,3.539017E-3
9.359828E0,6.445215E-2,7.582440E-2,5.700095E-2,3.476657E-3
9.376512E0,6.444248E-2,7.581665E-2,5.697209E-2,3.473896E-3
9.393196E0,6.445410E-2,7.579670E-2,5.696174E-2,3.453155E-3
9.409880E0,6.444758E-2,7.580649E-2,5.692492E-2,3.458413E-3
9.426565E0,6.447892E-2,7.581601E-2,5.692561E-2,3.461102E-3
9.443249E0,6.445978E-2,7.576601E-2,5.686368E-2,3.434547E-3
9.459933E0,6.454229E-2,7.569688E-2,5.679667E-2,3.401169E-3
9.476617E0,6.455482E-2,7.569044E-2,5.677512E-2,3.378678E-3
9.493301E0,6.459632E-2,7.566271E-2,5.675169E-2,3.327883E-3
9.509985E0,6.459923E-2,7.565832E-2,5.674700E-2,3.328630E-3
9.526670E0,6.464083E-2,7.566916E-2,5.675557E-2,3.324306E-3
9.543354E0,6.465178E-2,7.561317E-2,5.669225E-2,3.279747E-3
9.560038E0,6.477461E-2,7.553600E-2,5.660957E-2,3.252575E-3
9.576722E0,6.476760E-2,7.551729E-2,5.658814E-2,3.265373E-3
9.593406E0,6.476279E-2,7.550589E-2,5.657549E-2,3.272418E-3
9.610091E0,6.475395E-2,7.546660E-2,5.658533E-2,3.246401E-3
9.626775E0,6.476417E-2,7.549360E-2,5.657693E-2,3.285103E-3
9.643459E0,6.482257E-2,7.546392E-2,5.644963E-2,3.244886E-3
9.660143E0,6.509680E-2,7.520464E-2,5.611988E-2,3.034830E-3
9.676827E0,6.513366E-2,7.515271E-2,5.602612E-2,2.997385E-3
9.693512E0,6.514520E-2,7.515585E-2,5.607262E-2,2.987576E-3
9.710196E0,6.513140E-2,7.515577E-2,5.608107E-2,2.985937E-3
9.726880E0,6.511851E-2,7.515421E-2,5.607130E-2,2.985687E-3
9.743564E0,6.510343E-2,7.514682E-2,5.606792E-2,2.985070E-3
9.760248E0,6.511038E-2,7.515426E-2,5.607607E-2,2.980145E-3
9.776932E0,6.513136E-2,7.514917E-2,5.601112E-2,2.992923E-3
9.793617E0,6.552041E-2,7.477764E-2,5.556297E-2,2.741641E-3
9.810301E0,6.579226E-2,7.460084E-2,5.523370E-2,2.562535E-3
9.826985E0,6.576654E-2,7.460962E-2,5.523827E-2,2.540370E-3
9.843669E0,6.576317E-2,7.461893E-2,5.523845E-2,2.522987E-3
9.860353E0,6.578431E-2,7.464134E-2,5.526180E-2,2.520175E-3
9.877038E0,6.576800E-2,7.463951E-2,5.525814E-2,2.506628E-3
9.893722E0,6.576547E-2,7.464206E-2,5.525816E-2,2.506333E-3
9.910406E0,6.576631E-2,7.464388E-2,5.525916E-2,2.501751E-3
9.927090E0,6.576326E-2,7.464236E-2,5.525929E-2,2.498515E-3
9.943774E0,6.576252E-2,7.464342E-2,5.525931E-2,2.496139E-3
9.960458E0,6.577021E-2,7.456677E-2,5.520079E-2,2.445290E-3
9.977143E0,6.583830E-2,7.449832E-2,5.512027E-2,2.453757E-3
9.993827E0,6.588178E-2,7.449789E-2,5.511230E-2,2.460366E-3
1.001051E1,6.589885E-2,7.447586E-2,5.511432E-2,2.444289E-3
1.002720E1,6.592006E-2,7.448489E-2,5.511153E-2,2.453848E-3
1.004388E1,6.591627E-2,7.447870E-2,5.510830E-2,2.459958E-3
1.006056E1,6.591721E-2,7.447757E-2,5.510526E-2,2.461434E-3
1.007725E1,6.591854E-2,7.447823E-2,5.508657E-2,2.469738E-3
1.009393E1,6.613096E-2,7.434805E-2,5.487656E-2,2.375814E-3
1.011062E1,6.623673E-2,7.422139E-2,5.474350E-2,2.298019E-3
1.012730E1,6.624613E-2,7.419761E-2,5.475291E-2,2.303820E-3
1.014398E1,6.624077E-2,7.417337E-2,5.475661E-2,2.301756E-3
1.016067E1,6.624657E-2,7.417714E-2,5.475502E-2,2.307622E-3
1.017735E1,6.624515E-2,7.415845E-2,5.473573E-2,2.307015E-3
1.019404E1,6.641703E-2,7.399196E-2,5.451528E-2,2.213590E-3
1.021072E1,6.655038E-2,7.385390E-2,5.438820E-2,2.123865E-3
1.022741E1,6.657000E-2,7.385590E-2,5.440154E-2,2.132253E-3
1.024409E1,6.657692E-2,7.384367E-2,5.440404E-2,2.136820E-3
1.026077E1,6.658483E-2,7.385577E-2,5.440654E-2,2.161705E-3
1.027746E1,6.657886E-2,7.382966E-2,5.440673E-2,2.154161E-3
1.029414E1,6.658581E-2,7.382518E-2,5.442085E-2,2.150280E-3
1.031083E1,6.658986E-2,7.382328E-2,5.441593E-2,2.153693E-3
1.032751E1,6.659359E-2,7.382094E-2,5.437216E-2,2.166051E-3
1.034419E1,6.670975E-2,7.369712E-2,5.431689E-2,2.092668E-3
1.036088E1,6.694876E-2,7.350666E-2,5.396414E-2,1.989334E-3
1.037756E1,6.694004E-2,7.347630E-2,5.393930E-2,1.968621E-3
1.039425E1,6.696672E-2,7.347448E-2,5.394514E-2,1.966288E-3
1.041093E1,6.693439E-2,7.346958E-2,5.393915E-2,1.967431E-3
1.042762E1,6.694490E-2,7.346708E-2,5.394844E-2,1.941693E-3
1.044430E1,6.694910E-2,7.347998E-2,5.393778E-2,1.962190E-3
1.046098E1,6.695345E-2,7.348768E-2,5.394262E-2,1.969489E-3
1.047767E1,6.694531E-2,7.348514E-2,5.393915E-2,1.971203E-3
1.049435E1,6.697444E-2,7.345945E-2,5.389804E-2,1.960386E-3
1.051104E1,6.705328E-2,7.335377E-2,5.380380E-2,1.926133E-3
1.052772E1,6.707039E-2,7.334559E-2,5.381397E-2,1.927431E-3
1.054440E1,6.707611E-2,7.334184E-2,5.378589E-2,1.951266E-3
1.056109E1,6.708729E-2,7.333238E-2,5.378283E-2,1.946706E-3
1.057777E1,6.710497E-2,7.331864E-2,5.374442E-2,1.939294E-3
1.059446E1,6.712193E-2,7.329802E-2,5.369839E-2,1.947283E-3
1.061114E1,6.712279E-2,7.329193E-2,5.372210E-2,1.924236E-3
1.062783E1,6.711158E-2,7.327895E-2,5.362509E-2,1.909755E-3
1.064451E1,6.720430E-2,7.317967E-2,5.358775E-2,1.822141E-3
1.066119E1,6.724854E-2,7.315845E-2,5.351917E-2,1.820788E-3
1.067788E1,6.725196E-2,7.315380E-2,5.354475E-2,1.816700E-3
1.069456E1,6.727865E-2,7.314383E-2,5.349546E-2,1.780982E-3
1.071125E1,6.727818E-2,7.312596E-2,5.346832E-2,1.771777E-3
1.072793E1,6.728396E-2,7.313871E-2,5.345793E-2,1.778221E-3
1.074462E1,6.726864E-2,7.312282E-2,5.344634E-2,1.781603E-3
1.076130E1,6.726264E-2,7.312974E-2,5.343864E-2,1.785237E-3
1.077798E1,6.726478E-2,7.312899E-2,5.342668E-2,1.787827E-3
1.079467E1,6.744887E-2,7.298437E-2,5.315415E-2,1.688487E-3
1.081135E1,6.762302E-2,7.282296E-2,5.296326E-2,1.580601E-3
1.082804E1,6.761370E-2,7.282060E-2,5.294705E-2,1.574128E-3
1.084472E1,6.760787E-2,7.281777E-2,5.293954E-2,1.553921E-3
1.086140E1,6.760115E-2,7.281060E-2,5.293650E-2,1.536015E-3
1.087809E1,6.774292E-2,7.268691E-2,5.277983E-2,1.455818E-3
1.089477E1,6.779026E-2,7.262329E-2,5.267224E-2,1.419072E-3
1.091146E1,6.776578E-2,7.261949E-2,5.264534E-2,1.432194E-3
1.092814E1,6.778011E-2,7.263569E-2,5.264264E-2,1.439880E-3
1.094483E1,6.779069E-2,7.263557E-2,5.263104E-2,1.443073E-3
1.096151E1,6.779668E-2,7.262243E-2,5.259565E-2,1.443934E-3
1.097819E1,6.779279E-2,7.261569E-2,5.258721E-2,1.439984E-3
1.099488E1,6.778313E-2,7.262549E-2,5.258975E-2,1.458311E-3
1.101156E1,6.777563E-2,7.263136E-2,5.258500E-2,1.460672E-3
1.102825E1,6.777016E-2,7.263342E-2,5.258432E-2,1.470870E-3
1.104493E1,6.777255E-2,7.263269E-2,5.255889E-2,1.473002E-3
1.106161E1,6.789350E-2,7.252462E-2,5.242296E-2,1.450628E-3
1.107830E1,6.795534E-2,7.244306E-2,5.232959E-2,1.342951E-3
1.109498E1,6.793756E-2,7.244882E-2,5.230496E-2,1.350793E-3
1.111167E1,6.796525E-2,7.250741E-2,5.229312E-2,1.338501E-3
1.112835E1,6.795254E-2,7.249888E-2,5.229424E-2,1.339869E-3
1.114504E1,6.793953E-2,7.249300E-2,5.228551E-2,1.333469E-3
1.116172E1,6.793028E-2,7.248966E-2,5.227564E-2,1.329845E-3
1.117840E1,6.794227E-2,7.247776E-2,5.225101E-2,1.329599E-3
1.119509E1,6.828099E-2,7.213307E-2,5.176613E-2,1.160123E-3
1.121177E1,6.855256E-2,7.185615E-2,5.141407E-2,1.026918E-3
1.122846E1,6.856561E-2,7.184658E-2,5.142110E-2,1.013636E-3
1.124514E1,6.857204E-2,7.183499E-2,5.142295E-2,1.003122E-3
1.126182E1,6.858133E-2,7.184242E-2,5.144626E-2,1.015678E-3
1.127851E1,6.858321E-2,7.183976E-2,5.143944E-2,1.025918E-3
1.129519E1,6.859020E-2,7.180985E-2,5.146249E-2,9.896157E-4
1.131188E1,6.858715E-2,7.182680E-2,5.145644E-2,9.944584E-4
1.132856E1,6.859122E-2,7.182701E-2,5.144546E-2,1.009664E-3
1.134525E1,6.859178E-2,7.182367E-2,5.144792E-2,9.976189E-4
1.136193E1,6.858945E-2,7.182029E-2,5.144409E-2,9.955763E-4
1.137861E1,6.858697E-2,7.181367E-2,5.142838E-2,9.925718E-4
1.139530E1,6.870252E-2,7.169992E-2,5.130844E-2,9.402016E-4
1.141198E1,6.874876E-2,7.163228E-2,5.121751E-2,9.386970E-4
1.142867E1,6.874872E-2,7.163716E-2,5.122845E-2,9.494468E-4
1.144535E1,6.874307E-2,7.163330E-2,5.123984E-2,9.463372E-4
1.146204E1,6.874945E-2,7.163718E-2,5.124230E-2,9.659953E-4
1.147872E1,6.876861E-2,7.159652E-2,5.116925E-2,9.396735E-4
1.149540E1,6.908216E-2,7.128764E-2,5.072809E-2,8.254862E-4
1.151209E1,6.922398E-2,7.116188E-2,5.058330E-2,7.866028E-4
1.152877E1,6.923173E-2,7.115754E-2,5.058922E-2,7.911262E-4
1.154546E1,6.923757E-2,7.114431E-2,5.059676E-2,7.890054E-4
1.156214E1,6.924085E-2,7.114156E-2,5.059496E-2,7.878345E-4
1.157882E1,6.923384E-2,7.112761E-2,5.057418E-2,7.916711E-4
1.159551E1,6.925709E-2,7.113379E-2,5.059102E-2,7.945070E-4
1.161219E1,6.923941E-2,7.112583E-2,5.057570E-2,7.909902E-4
1.162888E1,6.924755E-2,7.113473E-2,5.058606E-2,7.922243E-4
1.164556E1,6.935452E-2,7.101167E-2,5.045339E-2,7.503892E-4
1.166225E1,6.953598E-2,7.077762E-2,5.011974E-2,6.516064E-4
1.167893E1,6.958132E-2,7.077847E-2,5.009726E-2,6.339136E-4
1.169561E1,6.958051E-2,7.078866E-2,5.007646E-2,6.401547E-4
1.171230E1,6.958138E-2,7.079590E-2,5.008315E-2,6.408011E-4
1.172898E1,6.959096E-2,7.080321E-2,5.010398E-2,6.380177E-4
1.174567E1,6.958964E-2,7.080191E-2,5.010222E-2,6.390935E-4
1.176235E1,6.959007E-2,7.081376E-2,5.010380E-2,6.398134E-4
1.177903E1,6.959259E-2,7.081511E-2,5.010362E-2,6.400835E-4
1.179572E1,6.960752E-2,7.081704E-2,5.010011E-2,6.467904E-4
1.181240E1,6.960076E-2,7.080192E-2,5.002083E-2,6.536784E-4
1.182909E1,6.968180E-2,7.070218E-2,5.003407E-2,6.376932E-4
1.184577E1,6.968356E-2,7.065940E-2,4.998686E-2,6.089935E-4
1.186246E1,6.972057E-2,7.064437E-2,4.997014E-2,6.108890E-4
1.187914E1,6.973077E-2,7.062301E-2,4.991125E-2,6.001534E-4
1.189582E1,6.974753E-2,7.060784E-2,4.988423E-2,5.926905E-4
1.191251E1,6.974206E-2,7.061113E-2,4.990018E-2,6.031288E-4
1.192919E1,6.977006E-2,7.063795E-2,4.992883E-2,6.086125E-4
1.194588E1,6.977911E-2,7.061995E-2,4.983790E-2,5.996732E-4
1.196256E1,6.990764E-2,7.047441E-2,4.963073E-2,5.384219E-4
1.197924E1,6.992356E-2,7.048229E-2,4.962240E-2,5.104563E-4
1.199593E1,6.992249E-2,7.048198E-2,4.961570E-2,5.087978E-4
1.201261E1,6.991106E-2,7.048438E-2,4.960326E-2,5.219347E-4
1.202930E1,6.993403E-2,7.047559E-2,4.953942E-2,5.158354E-4
1.204598E1,7.001292E-2,7.034741E-2,4.947619E-2,4.715221E-4
1.206267E1,7.005420E-2,7.034441E-2,4.946737E-2,4.673722E-4
1.207935E1,7.005668E-2,7.027273E-2,4.935618E-2,4.497263E-4
1.209603E1,7.017732E-2,7.017864E-2,4.928177E-2,4.153953E-4
1.211272E1,7.022845E-2,7.014843E-2,4.921114E-2,3.818388E-4
1.212940E1,7.023837E-2,7.014930E-2,4.923916E-2,3.587027E-4
1.214609E1,7.023392E-2,7.014869E-2,4.924242E-2,3.523551E-4
1.216277E1,7.038606E-2,6.995868E-2,4.902463E-2,2.727513E-4
1.217946E1,7.065675E-2,6.958238E-2,4.856614E-2,1.373117E-4
1.219614E1,7.068895E-2,6.960547E-2,4.858494E-2,1.421698E-4
1.221282E1,7.070168E-2,6.959560E-2,4.857669E-2,1.408814E-4
1.222951E1,7.071366E-2,6.961054E-2,4.858309E-2,1.406739E-4
1.224619E1,7.072614E-2,6.963420E-2,4.861153E-2,1.399052E-4
1.226288E1,7.072001E-2,6.960418E-2,4.860191E-2,1.133899E-4
1.227956E1,7.073252E-2,6.962994E-2,4.859785E-2,1.420542E-4
1.229624E1,7.074079E-2,6.963946E-2,4.861212E-2,1.460227E-4
1.231293E1,7.074783E-2,6.964183E-2,4.862576E-2,1.399013E-4
1.232961E1,7.074512E-2,6.964079E-2,4.862175E-2,1.399785E-4
1.234630E1,7.074527E-2,6.964428E-2,4.859642E-2,1.375561E-4
1.236298E1,7.076616E-2,6.962555E-2,4.853334E-2,1.338489E-4
1.237967E1,7.087488E-2,6.950003E-2,4.846457E-2,1.131265E-4
1.239635E1,7.097697E-2,6.938742E-2,4.827004E-2,5.071354E-5
1.241303E1,7.095806E-2,6.936840E-2,4.824044E-2,1.593236E-5
1.242972E1,7.096747E-2,6.934180E-2,4.825286E-2,8.110289E-6
1.244640E1,7.096195E-2,6.933580E-2,4.823170E-2,3.460834E-5
1.246309E1,7.096423E-2,6.932041E-2,4.822215E-2,1.677653E-5
1.247977E1,7.105138E-2,6.921184E-2,4.815732E-2,-5.668640E-6
1.249645E1,7.120871E-2,6.900021E-2,4.788639E-2,-3.972185E-5
1.251314E1,7.127753E-2,6.893737E-2,4.777312E-2,-6.786404E-5
1.252982E1,7.127241E-2,6.895182E-2,4.776649E-2,-2.564393E-5
1.254651E1,7.125739E-2,6.895552E-2,4.775488E-2,-3.500487E-5
1.256319E1,7.130030E-2,6.889535E-2,4.767145E-2,-1.543778E-5
1.257988E1,7.154272E-2,6.856842E-2,4.735292E-2,-9.906554E-5
1.259656E1,7.154837E-2,6.853003E-2,4.736601E-2,-1.136052E-4
1.261324E1,7.156892E-2,6.851658E-2,4.738452E-2,-1.290705E-4
1.262993E1,7.157079E-2,6.850551E-2,4.738454E-2,-1.153670E-4
1.264661E1,7.155772E-2,6.849734E-2,4.737559E-2,-1.262789E-4
1.266330E1,7.160485E-2,6.843695E-2,4.730476E-2,-1.947240E-4
1.267998E1,7.170195E-2,6.834418E-2,4.721895E-2,-1.797081E-4
1.269666E1,7.175859E-2,6.825469E-2,4.709868E-2,-2.180153E-4
1.271335E1,7.183960E-2,6.813823E-2,4.700631E-2,-2.070118E-4
1.273003E1,7.193794E-2,6.806317E-2,4.688381E-2,-2.072614E-4
1.274672E1,7.204713E-2,6.790189E-2,4.675783E-2,-2.385120E-4
1.276340E1,7.204186E-2,6.784159E-2,4.675224E-2,-2.282617E-4
1.278009E1,7.207603E-2,6.780626E-2,4.668170E-2,-2.095687E-4
1.279677E1,7.222078E-2,6.758521E-2,4.640602E-2,-2.783684E-4
1.281345E1,7.222389E-2,6.759559E-2,4.639759E-2,-2.968584E-4
1.283014E1,7.222740E-2,6.760865E-2,4.639622E-2,-3.108558E-4
1.284682E1,7.225078E-2,6.761151E-2,4.640209E-2,-3.180525E-4
1.286351E1,7.224247E-2,6.762405E-2,4.639915E-2,-3.228938E-4
1.288019E1,7.225102E-2,6.763524E-2,4.640151E-2,-3.231301E-4
1.289688E1,7.223189E-2,6.763820E-2,4.638147E-2,-3.191572E-4
1.291356E1,7.223738E-2,6.763319E-2,4.638627E-2,-3.188257E-4
1.293024E1,7.237401E-2,6.747346E-2,4.621340E-2,-3.510456E-4
1.294693E1,7.241284E-2,6.741723E-2,4.613509E-2,-3.715866E-4
1.296361E1,7.240654E-2,6.743129E-2,4.611287E-2,-3.621148E-4
1.298030E1,7.239776E-2,6.743565E-2,4.610468E-2,-3.551985E-4
1.299698E1,7.240498E-2,6.745995E-2,4.609434E-2,-3.489799E-4
1.301366E1,7.241415E-2,6.747594E-2,4.608845E-2,-3.534120E-4
1.303035E1,7.241353E-2,6.745700E-2,4.608151E-2,-3.482420E-4
1.304703E1,7.241471E-2,6.747378E-2,4.608238E-2,-3.456180E-4
1.306372E1,7.241144E-2,6.747945E-2,4.606288E-2,-3.403125E-4
1.308040E1,7.240302E-2,6.746242E-2,4.604796E-2,-3.337715E-4
1.309709E1,7.253338E-2,6.724860E-2,4.584519E-2,-3.546118E-4
1.311377E1,7.256710E-2,6.725664E-2,4.579141E-2,-3.754887E-4
1.313045E1,7.256165E-2,6.726217E-2,4.577769E-2,-3.672836E-4
1.314714E1,7.256777E-2,6.728244E-2,4.576762E-2,-3.620978E-4
1.316382E1,7.257383E-2,6.729601E-2,4.575334E-2,-3.646345E-4
1.318051E1,7.258729E-2,6.728369E-2,4.569425E-2,-3.587956E-4
1.319719E1,7.267729E-2,6.718482E-2,4.569115E-2,-3.664151E-4
1.321387E1,7.269025E-2,6.717039E-2,4.568374E-2,-3.518707E-4
1.323056E1,7.270420E-2,6.716593E-2,4.569231E-2,-3.455926E-4
1.324724E1,7.271128E-2,6.715920E-2,4.565047E-2,-3.606510E-4
1.326393E1,7.283423E-2,6.696194E-2,4.548382E-2,-4.062627E-4
1.328061E1,7.296675E-2,6.685430E-2,4.527287E-2,-4.078240E-4
1.329730E1,7.292407E-2,6.679851E-2,4.524114E-2,-3.979145E-4
1.331398E1,7.293579E-2,6.683455E-2,4.524515E-2,-3.760563E-4
1.333066E1,7.292953E-2,6.682961E-2,4.524585E-2,-3.679977E-4
1.334735E1,7.290877E-2,6.681505E-2,4.524679E-2,-3.621412E-4
1.336403E1,7.291118E-2,6.682588E-2,4.524893E-2,-3.490511E-4
1.338072E1,7.291009E-2,6.682299E-2,4.523879E-2,-3.449520E-4
1.339740E1,7.301024E-2,6.667916E-2,4.514520E-2,-3.781520E-4
1.341408E1,7.304250E-2,6.663267E-2,4.505058E-2,-3.740126E-4
1.343077E1,7.305355E-2,6.663938E-2,4.505975E-2,-3.571550E-4
1.344745E1,7.306094E-2,6.664650E-2,4.506228E-2,-3.469034E-4
1.346414E1,7.306328E-2,6.664762E-2,4.506492E-2,-3.410850E-4
1.348082E1,7.306422E-2,6.664702E-2,4.506911E-2,-3.441001E-4
1.349751E1,7.307447E-2,6.661669E-2,4.504108E-2,-3.558613E-4
1.351419E1,7.312802E-2,6.665829E-2,4.498478E-2,-3.531770E-4
1.353087E1,7.329806E-2,6.633925E-2,4.458322E-2,-3.995213E-4
1.354756E1,7.329122E-2,6.632384E-2,4.458092E-2,-3.982154E-4
1.356424E1,7.327925E-2,6.631961E-2,4.457913E-2,-3.843826E-4
1.358093E1,7.327128E-2,6.631827E-2,4.458164E-2,-3.759778E-4
1.359761E1,7.325810E-2,6.631163E-2,4.458229E-2,-3.681652E-4
1.361430E1,7.325237E-2,6.631214E-2,4.457160E-2,-3.604096E-4
1.363098E1,7.324764E-2,6.631042E-2,4.455874E-2,-3.396030E-4
1.364766E1,7.325245E-2,6.628963E-2,4.454221E-2,-3.666368E-4
1.366435E1,7.327801E-2,6.630021E-2,4.454989E-2,-3.614415E-4
1.368103E1,7.330987E-2,6.624093E-2,4.447789E-2,-3.882784E-4
1.369772E1,7.339321E-2,6.598051E-2,4.422128E-2,-4.142476E-4
1.371440E1,7.342800E-2,6.596107E-2,4.414811E-2,-4.620813E-4
1.373108E1,7.340860E-2,6.595599E-2,4.413102E-2,-4.775593E-4
1.374777E1,7.341385E-2,6.596503E-2,4.411970E-2,-4.902800E-4
1.376445E1,7.340656E-2,6.596079E-2,4.411538E-2,-5.088374E-4
1.378114E1,7.349548E-2,6.583446E-2,4.402268E-2,-5.090087E-4
1.379782E1,7.364221E-2,6.566462E-2,4.375952E-2,-5.760463E-4
1.381451E1,7.361050E-2,6.562520E-2,4.367121E-2,-6.125400E-4
1.383119E1,7.360792E-2,6.563614E-2,4.364529E-2,-6.308423E-4
1.384787E1,7.359398E-2,6.563117E-2,4.362719E-2,-6.442154E-4
1.386456E1,7.358644E-2,6.563190E-2,4.360028E-2,-6.511492E-4
1.388124E1,7.366764E-2,6.549515E-2,4.352678E-2,-6.865412E-4
1.389793E1,7.368507E-2,6.548367E-2,4.354876E-2,-6.875291E-4
1.391461E1,7.370204E-2,6.548394E-2,4.355155E-2,-6.735361E-4
1.393129E1,7.371163E-2,6.548273E-2,4.354460E-2,-6.678049E-4
1.394798E1,7.372985E-2,6.547645E-2,4.348863E-2,-6.795375E-4
1.396466E1,7.373755E-2,6.545551E-2,4.347217E-2,-6.767901E-4
1.398135E1,7.374414E-2,6.546087E-2,4.346270E-2,-6.781944E-4
1.399803E1,7.374042E-2,6.545631E-2,4.345222E-2,-6.829877E-4
1.401472E1,7.381323E-2,6.540083E-2,4.335553E-2,-6.886112E-4
1.403140E1,7.398626E-2,6.497996E-2,4.297771E-2,-7.744052E-4
1.404808E1,7.403550E-2,6.492409E-2,4.287397E-2,-7.997206E-4
1.406477E1,7.403972E-2,6.493855E-2,4.286755E-2,-8.023679E-4
1.408145E1,7.405662E-2,6.495788E-2,4.286447E-2,-8.122354E-4
1.409814E1,7.405506E-2,6.494853E-2,4.285764E-2,-8.231334E-4
1.411482E1,7.404822E-2,6.493187E-2,4.285159E-2,-8.186053E-4
1.413150E1,7.414979E-2,6.484446E-2,4.269887E-2,-8.442467E-4
1.414819E1,7.420432E-2,6.472273E-2,4.268890E-2,-8.426588E-4
1.416487E1,7.421710E-2,6.470436E-2,4.270091E-2,-8.434190E-4
1.418156E1,7.423035E-2,6.467412E-2,4.263526E-2,-8.483610E-4
1.419824E1,7.438724E-2,6.440825E-2,4.239946E-2,-8.900442E-4
1.421493E1,7.441906E-2,6.437949E-2,4.239214E-2,-8.586830E-4
1.423161E1,7.441586E-2,6.435025E-2,4.233282E-2,-8.597279E-4
1.424829E1,7.441956E-2,6.433436E-2,4.231340E-2,-8.535692E-4
1.426498E1,7.442967E-2,6.431357E-2,4.226362E-2,-8.559520E-4
1.428166E1,7.444859E-2,6.429546E-2,4.217609E-2,-8.573202E-4
1.429835E1,7.442357E-2,6.428411E-2,4.215658E-2,-8.707819E-4
1.431503E1,7.442800E-2,6.429798E-2,4.213782E-2,-8.552802E-4
1.433171E1,7.450177E-2,6.414925E-2,4.203636E-2,-8.428321E-4
1.434840E1,7.463042E-2,6.404225E-2,4.185387E-2,-8.574404E-4
1.436508E1,7.458744E-2,6.393814E-2,4.178834E-2,-8.820165E-4
1.438177E1,7.459173E-2,6.396287E-2,4.176720E-2,-8.603627E-4
1.439845E1,7.461389E-2,6.399078E-2,4.175098E-2,-8.709657E-4
1.441514E1,7.460311E-2,6.399923E-2,4.175312E-2,-8.479819E-4
1.443182E1,7.458568E-2,6.398010E-2,4.174884E-2,-8.557407E-4
1.444850E1,7.456823E-2,6.393356E-2,4.171075E-2,-8.355997E-4
1.446519E1,7.458093E-2,6.391570E-2,4.166490E-2,-8.688085E-4
1.448187E1,7.458612E-2,6.392945E-2,4.157656E-2,-8.548204E-4
1.449856E1,7.467476E-2,6.380034E-2,4.149652E-2,-8.641344E-4
1.451524E1,7.468840E-2,6.379227E-2,4.142143E-2,-8.493931E-4
1.453193E1,7.469509E-2,6.377718E-2,4.143366E-2,-8.528926E-4
1.454861E1,7.469248E-2,6.375262E-2,4.135622E-2,-8.341545E-4
1.456529E1,7.479867E-2,6.372424E-2,4.130090E-2,-8.493543E-4
1.458198E1,7.478891E-2,6.369353E-2,4.128332E-2,-8.619643E-4
1.459866E1,7.477106E-2,6.367250E-2,4.127691E-2,-8.596221E-4
1.461535E1,7.476328E-2,6.366370E-2,4.127229E-2,-8.555614E-4
1.463203E1,7.487058E-2,6.343400E-2,4.101861E-2,-8.658366E-4
1.464871E1,7.500270E-2,6.326757E-2,4.087238E-2,-8.762068E-4
1.466540E1,7.500220E-2,6.326554E-2,4.088969E-2,-8.669932E-4
1.468208E1,7.502061E-2,6.328110E-2,4.089744E-2,-8.616410E-4
1.469877E1,7.501658E-2,6.327817E-2,4.087861E-2,-8.630732E-4
1.471545E1,7.505493E-2,6.331002E-2,4.089715E-2,-8.566082E-4
1.473214E1,7.505063E-2,6.329944E-2,4.090468E-2,-8.553502E-4
1.474882E1,7.505793E-2,6.329929E-2,4.089467E-2,-8.480984E-4
1.476550E1,7.509062E-2,6.326728E-2,4.084421E-2,-8.523793E-4
1.478219E1,7.512800E-2,6.322356E-2,4.074028E-2,-8.532201E-4
1.479887E1,7.519579E-2,6.299277E-2,4.056052E-2,-8.696577E-4
1.481556E1,7.521708E-2,6.296046E-2,4.048283E-2,-8.633880E-4
1.483224E1,7.522749E-2,6.297190E-2,4.046273E-2,-8.547395E-4
1.484892E1,7.522460E-2,6.297365E-2,4.045139E-2,-8.522486E-4
1.486561E1,7.522418E-2,6.297488E-2,4.044388E-2,-8.497586E-4
1.488229E1,7.522932E-2,6.295627E-2,4.041331E-2,-8.616184E-4
1.489898E1,7.524275E-2,6.295901E-2,4.040769E-2,-8.556746E-4
1.491566E1,7.523210E-2,6.294226E-2,4.040988E-2,-8.568355E-4
1.493235E1,7.523584E-2,6.293419E-2,4.032090E-2,-8.577762E-4
1.494903E1,7.534688E-2,6.280218E-2,4.022661E-2,-8.526777E-4
1.496571E1,7.532974E-2,6.275934E-2,4.014984E-2,-8.527635E-4
1.498240E1,7.535614E-2,6.278055E-2,4.016392E-2,-8.802823E-4
1.499908E1,7.537605E-2,6.279292E-2,4.014640E-2,-8.658893E-4
1.501577E1,7.539069E-2,6.282529E-2,4.012417E-2,-8.505860E-4
1.503245E1,7.554787E-2,6.257315E-2,3.986789E-2,-8.676203E-4
1.504913E1,7.556175E-2,6.241845E-2,3.969438E-2,-8.777651E-4
1.506582E1,7.558272E-2,6.245424E-2,3.971980E-2,-8.641431E-4
1.508250E1,7.555913E-2,6.244153E-2,3.970839E-2,-8.664732E-4
1.509919E1,7.563143E-2,6.239026E-2,3.964448E-2,-8.567735E-4
1.511587E1,7.561504E-2,6.234663E-2,3.954405E-2,-8.579592E-4
1.513256E1,7.558910E-2,6.226861E-2,3.946416E-2,-8.605658E-4
1.514924E1,7.568767E-2,6.216382E-2,3.938308E-2,-8.771245E-4
1.516592E1,7.569729E-2,6.215674E-2,3.939228E-2,-8.772125E-4
1.518261E1,7.577929E-2,6.203718E-2,3.923753E-2,-8.708729E-4
1.519929E1,7.587043E-2,6.176171E-2,3.894308E-2,-8.845038E-4
1.521598E1,7.587702E-2,6.177801E-2,3.893817E-2,-8.816959E-4
1.523266E1,7.587761E-2,6.179204E-2,3.892882E-2,-8.730472E-4
1.524935E1,7.587789E-2,6.177901E-2,3.889939E-2,-8.798402E-4
1.526603E1,7.589302E-2,6.178374E-2,3.890258E-2,-8.725308E-4
1.528271E1,7.589203E-2,6.179265E-2,3.890404E-2,-8.680219E-4
1.529940E1,7.591955E-2,6.180682E-2,3.890408E-2,-8.599294E-4
1.531608E1,7.589887E-2,6.178901E-2,3.881664E-2,-8.536564E-4
1.533277E1,7.606178E-2,6.146444E-2,3.847496E-2,-8.604316E-4
1.534945E1,7.606067E-2,6.146892E-2,3.847276E-2,-8.568805E-4
1.536613E1,7.605744E-2,6.147128E-2,3.844237E-2,-8.717545E-4
1.538282E1,7.606248E-2,6.147273E-2,3.844250E-2,-8.666127E-4
1.539950E1,7.606013E-2,6.147364E-2,3.843993E-2,-8.621061E-4
1.541619E1,7.606120E-2,6.147711E-2,3.843375E-2,-8.607549E-4
1.543287E1,7.606303E-2,6.148056E-2,3.840758E-2,-8.591973E-4
1.544956E1,7.605736E-2,6.146794E-2,3.832315E-2,-8.446087E-4
1.546624E1,7.621829E-2,6.123435E-2,3.812819E-2,-8.603869E-4
1.548292E1,7.623312E-2,6.114057E-2,3.802547E-2,-8.651562E-4
1.549961E1,7.623032E-2,6.114244E-2,3.803324E-2,-8.503198E-4
1.551629E1,7.622249E-2,6.114183E-2,3.803681E-2,-8.754272E-4
1.553298E1,7.622348E-2,6.114448E-2,3.805478E-2,-8.570038E-4
1.554966E1,7.622259E-2,6.114426E-2,3.805608E-2,-8.725664E-4
1.556634E1,7.622112E-2,6.114079E-2,3.805916E-2,-8.696803E-4
1.558303E1,7.622779E-2,6.112066E-2,3.803055E-2,-8.606622E-4
1.559971E1,7.622734E-2,6.112856E-2,3.804392E-2,-8.593244E-4
1.561640E1,7.622575E-2,6.113140E-2,3.805289E-2,-8.490159E-4
1.563308E1,7.626477E-2,6.114459E-2,3.805813E-2,-8.503708E-4
1.564977E1,7.624269E-2,6.113181E-2,3.803262E-2,-8.454037E-4
1.566645E1,7.622217E-2,6.111270E-2,3.803479E-2,-8.480151E-4
1.568313E1,7.629000E-2,6.100471E-2,3.787186E-2,-8.560573E-4
1.569982E1,7.643898E-2,6.073739E-2,3.761248E-2,-8.498696E-4
1.571650E1,7.642681E-2,6.070881E-2,3.755904E-2,-8.690239E-4
1.573319E1,7.640598E-2,6.067928E-2,3.757161E-2,-8.598115E-4
1.574987E1,7.640290E-2,6.065428E-2,3.757152E-2,-8.656382E-4
1.576655E1,7.640104E-2,6.065249E-2,3.757585E-2,-8.639640E-4
1.578324E1,7.639407E-2,6.064311E-2,3.757141E-2,-8.617080E-4
1.579992E1,7.645114E-2,6.057996E-2,3.750178E-2,-8.473496E-4
1.581661E1,7.648369E-2,6.047251E-2,3.747252E-2,-8.553556E-4
1.583329E1,7.648043E-2,6.046406E-2,3.738965E-2,-8.600712E-4
1.584998E1,7.662064E-2,6.032332E-2,3.721747E-2,-8.591733E-4
1.586666E1,7.664146E-2,6.029936E-2,3.716981E-2,-8.517823E-4
1.588334E1,7.664392E-2,6.030271E-2,3.715055E-2,-8.425327E-4
1.590003E1,7.665596E-2,6.030429E-2,3.712689E-2,-8.553693E-4
1.591671E1,7.665350E-2,6.030390E-2,3.711190E-2,-8.551176E-4
1.593340E1,7.665755E-2,6.030443E-2,3.710334E-2,-8.523207E-4
1.595008E1,7.678463E-2,6.021044E-2,3.695837E-2,-8.554542E-4
1.596677E1,7.680150E-2,6.012353E-2,3.687193E-2,-8.629318E-4
1.598345E1,7.679428E-2,6.013088E-2,3.687987E-2,-8.617726E-4
1.600013E1,7.679889E-2,6.014074E-2,3.687563E-2,-8.544668E-4
1.601682E1,7.679993E-2,6.013402E-2,3.688570E-2,-8.584812E-4
1.603350E1,7.680879E-2,6.013036E-2,3.689025E-2,-8.560009E-4
1.605019E1,7.683507E-2,6.009085E-2,3.680603E-2,-8.612864E-4
1.606687E1,7.682783E-2,6.010106E-2,3.679208E-2,-8.523795E-4
1.608355E1,7.680585E-2,5.974244E-2,3.667374E-2,-8.529752E-4
1.610024E1,7.683671E-2,5.966865E-2,3.649948E-2,-8.494492E-4
1.611692E1,7.689572E-2,5.958896E-2,3.640156E-2,-8.650515E-4
1.613361E1,7.713759E-2,5.940032E-2,3.611757E-2,-8.486525E-4
1.615029E1,7.701323E-2,5.911107E-2,3.600597E-2,-8.250190E-4
1.616698E1,7.703133E-2,5.910866E-2,3.598448E-2,-8.359586E-4
1.618366E1,7.702790E-2,5.910789E-2,3.596540E-2,-8.394682E-4
1.620034E1,7.702845E-2,5.911522E-2,3.597021E-2,-8.287748E-4
1.621703E1,7.702191E-2,5.911445E-2,3.594744E-2,-8.380996E-4
1.623371E1,7.702205E-2,5.911680E-2,3.593865E-2,-8.407785E-4
1.625040E1,7.706379E-2,5.908310E-2,3.582844E-2,-8.272356E-4
1.626708E1,7.710762E-2,5.905682E-2,3.575957E-2,-8.435399E-4
1.628376E1,7.715737E-2,5.904466E-2,3.571327E-2,-8.613878E-4
1.630045E1,7.725426E-2,5.897438E-2,3.557397E-2,-8.526962E-4
1.631713E1,7.723301E-2,5.896271E-2,3.557305E-2,-8.524391E-4
1.633382E1,7.722633E-2,5.895464E-2,3.557962E-2,-8.528923E-4
1.635050E1,7.722356E-2,5.896796E-2,3.559209E-2,-8.283623E-4
1.636719E1,7.720818E-2,5.896869E-2,3.559325E-2,-8.337927E-4
1.638387E1,7.734947E-2,5.890321E-2,3.545053E-2,-8.209319E-4
1.640055E1,7.746961E-2,5.880337E-2,3.519499E-2,-8.323392E-4
1.641724E1,7.748562E-2,5.880275E-2,3.521555E-2,-8.345617E-4
1.643392E1,7.748354E-2,5.880407E-2,3.522460E-2,-8.429468E-4
1.645061E1,7.748813E-2,5.880464E-2,3.523638E-2,-8.448107E-4
1.646729E1,7.746913E-2,5.874763E-2,3.516257E-2,-8.321795E-4
1.648397E1,7.755811E-2,5.865019E-2,3.497429E-2,-8.318460E-4
1.650066E1,7.752648E-2,5.861829E-2,3.492637E-2,-8.390905E-4
1.651734E1,7.752164E-2,5.862201E-2,3.492451E-2,-8.478708E-4
1.653403E1,7.751397E-2,5.862739E-2,3.491764E-2,-8.530371E-4
1.655071E1,7.750088E-2,5.862187E-2,3.491847E-2,-8.538504E-4
1.656740E1,7.750920E-2,5.860306E-2,3.489886E-2,-8.532692E-4
1.658408E1,7.756966E-2,5.841019E-2,3.467195E-2,-8.316209E-4
1.660076E1,7.766797E-2,5.830171E-2,3.450252E-2,-8.359803E-4
1.661745E1,7.766669E-2,5.829915E-2,3.448264E-2,-8.437078E-4
1.663413E1,7.765795E-2,5.829548E-2,3.446420E-2,-8.422982E-4
1.665082E1,7.776582E-2,5.814802E-2,3.429929E-2,-8.175795E-4
1.666750E1,7.785536E-2,5.800462E-2,3.418150E-2,-8.175296E-4
1.668419E1,7.784652E-2,5.799482E-2,3.413475E-2,-8.469984E-4
1.670087E1,7.783807E-2,5.799513E-2,3.410307E-2,-8.459274E-4
1.671755E1,7.783786E-2,5.799496E-2,3.411714E-2,-8.194985E-4
1.673424E1,7.783093E-2,5.798507E-2,3.411578E-2,-8.342805E-4
1.675092E1,7.782836E-2,5.798088E-2,3.412610E-2,-8.340200E-4
1.676761E1,7.784426E-2,5.792022E-2,3.402970E-2,-8.539764E-4
1.678429E1,7.790976E-2,5.779102E-2,3.389250E-2,-8.364752E-4
1.680097E1,7.794642E-2,5.774782E-2,3.387005E-2,-8.507286E-4
1.681766E1,7.795682E-2,5.776397E-2,3.387875E-2,-8.533818E-4
1.683434E1,7.796203E-2,5.776653E-2,3.389298E-2,-8.497627E-4
1.685103E1,7.796799E-2,5.777302E-2,3.390228E-2,-8.483274E-4
1.686771E1,7.797190E-2,5.777841E-2,3.391406E-2,-8.472349E-4
1.688440E1,7.798625E-2,5.778779E-2,3.393656E-2,-8.232042E-4
1.690108E1,7.799439E-2,5.778727E-2,3.393365E-2,-8.373990E-4
1.691776E1,7.799108E-2,5.778841E-2,3.393162E-2,-8.424001E-4
1.693445E1,7.799148E-2,5.779331E-2,3.393183E-2,-8.444237E-4
1.695113E1,7.805807E-2,5.763216E-2,3.369661E-2,-8.486344E-4
1.696782E1,7.811657E-2,5.742931E-2,3.347937E-2,-8.256912E-4
1.698450E1,7.812122E-2,5.741525E-2,3.347822E-2,-8.325219E-4
1.700118E1,7.812992E-2,5.740192E-2,3.340771E-2,-8.187594E-4
1.701787E1,7.838795E-2,5.702585E-2,3.293952E-2,-8.085998E-4
1.703455E1,7.833958E-2,5.692049E-2,3.287394E-2,-8.173186E-4
1.705124E1,7.840995E-2,5.680407E-2,3.288890E-2,-8.257412E-4
1.706792E1,7.845924E-2,5.683394E-2,3.289797E-2,-8.283000E-4
1.708461E1,7.847836E-2,5.682561E-2,3.289973E-2,-8.302779E-4
1.710129E1,7.852310E-2,5.666038E-2,3.268130E-2,-7.832079E-4
1.711797E1,7.849836E-2,5.659439E-2,3.257479E-2,-8.176772E-4
1.713466E1,7.852181E-2,5.662186E-2,3.256807E-2,-8.181754E-4
1.715134E1,7.850794E-2,5.661895E-2,3.251463E-2,-7.987118E-4
1.716803E1,7.859276E-2,5.643632E-2,3.242312E-2,-8.293207E-4
1.718471E1,7.859037E-2,5.639970E-2,3.235947E-2,-8.405290E-4
1.720139E1,7.861099E-2,5.641646E-2,3.238538E-2,-8.263979E-4
1.721808E1,7.862484E-2,5.642920E-2,3.238159E-2,-8.366108E-4
1.723476E1,7.862786E-2,5.642398E-2,3.239138E-2,-8.281294E-4
1.725145E1,7.874207E-2,5.626018E-2,3.223252E-2,-8.269985E-4
1.726813E1,7.881654E-2,5.614998E-2,3.212827E-2,-8.143335E-4
1.728482E1,7.891044E-2,5.595257E-2,3.196031E-2,-7.681434E-4
1.730150E1,7.900668E-2,5.583648E-2,3.176947E-2,-7.587567E-4
1.731818E1,7.899420E-2,5.582191E-2,3.174102E-2,-8.044765E-4
1.733487E1,7.896426E-2,5.574472E-2,3.166845E-2,-7.811809E-4
1.735155E1,7.904980E-2,5.567526E-2,3.156780E-2,-8.093323E-4
1.736824E1,7.904350E-2,5.566896E-2,3.156450E-2,-8.096752E-4
1.738492E1,7.903550E-2,5.564727E-2,3.154897E-2,-8.124224E-4
1.740161E1,7.900382E-2,5.560769E-2,3.153681E-2,-8.076514E-4
1.741829E1,7.898550E-2,5.558187E-2,3.145648E-2,-8.008389E-4
1.743497E1,7.896032E-2,5.557278E-2,3.144792E-2,-8.106169E-4
1.745166E1,7.897450E-2,5.559066E-2,3.142644E-2,-8.285301E-4
1.746834E1,7.897576E-2,5.559864E-2,3.141567E-2,-8.237693E-4
1.748503E1,7.906696E-2,5.543237E-2,3.131525E-2,-7.867549E-4
1.750171E1,7.915338E-2,5.533860E-2,3.126929E-2,-7.710902E-4
1.751839E1,7.914859E-2,5.532040E-2,3.118949E-2,-7.704833E-4
1.753508E1,7.914832E-2,5.530989E-2,3.116370E-2,-7.846890E-4
1.755176E1,7.929483E-2,5.500740E-2,3.087351E-2,-8.062925E-4
1.756845E1,7.926504E-2,5.490682E-2,3.077609E-2,-7.713010E-4
1.758513E1,7.927314E-2,5.491380E-2,3.078571E-2,-7.694510E-4
1.760182E1,7.928584E-2,5.492012E-2,3.073305E-2,-7.997476E-4
1.761850E1,7.929581E-2,5.492611E-2,3.073780E-2,-8.037164E-4
1.763518E1,7.944069E-2,5.465226E-2,3.050706E-2,-7.470335E-4
1.765187E1,7.952231E-2,5.455097E-2,3.040154E-2,-7.934635E-4
1.766855E1,7.951255E-2,5.452452E-2,3.038653E-2,-8.193269E-4
1.768524E1,7.950435E-2,5.451013E-2,3.042113E-2,-7.976732E-4
1.770192E1,7.950603E-2,5.450324E-2,3.040569E-2,-8.081100E-4
1.771860E1,7.950514E-2,5.449821E-2,3.033590E-2,-7.868599E-4
1.773529E1,7.948428E-2,5.446083E-2,3.032770E-2,-7.806058E-4
1.775197E1,7.948227E-2,5.445619E-2,3.031335E-2,-7.912756E-4
1.776866E1,7.948308E-2,5.445803E-2,3.029812E-2,-7.970786E-4
1.778534E1,7.947951E-2,5.445779E-2,3.028096E-2,-8.096027E-4
1.780203E1,7.948025E-2,5.446284E-2,3.027557E-2,-8.113815E-4
1.781871E1,7.947964E-2,5.446086E-2,3.027400E-2,-8.096169E-4
1.783539E1,7.947879E-2,5.446151E-2,3.027147E-2,-8.103835E-4
1.785208E1,7.948367E-2,5.446604E-2,3.026861E-2,-8.096089E-4
1.786876E1,7.947751E-2,5.445710E-2,3.026790E-2,-8.104037E-4
1.788545E1,7.947098E-2,5.445573E-2,3.027587E-2,-8.021083E-4
1.790213E1,7.947458E-2,5.445857E-2,3.027713E-2,-8.067401E-4
1.791881E1,7.947550E-2,5.446012E-2,3.026704E-2,-8.156551E-4
1.793550E1,7.947887E-2,5.446241E-2,3.026673E-2,-8.103794E-4
1.795218E1,7.947970E-2,5.446588E-2,3.027122E-2,-8.071948E-4
1.796887E1,7.948479E-2,5.447278E-2,3.027216E-2,-8.028493E-4
1.798555E1,7.947944E-2,5.446756E-2,3.026560E-2,-8.108479E-4
1.800224E1,7.948099E-2,5.446690E-2,3.025639E-2,-8.192105E-4
1.801892E1,7.948229E-2,5.446894E-2,3.026527E-2,-8.098687E-4
1.803560E1,7.948224E-2,5.446897E-2,3.028215E-2,-7.878700E-4
1.805229E1,7.948141E-2,5.447005E-2,3.027163E-2,-8.056329E-4
1.806897E1,7.948802E-2,5.447766E-2,3.027509E-2,-8.065464E-4
1.808566E1,7.948748E-2,5.447606E-2,3.027494E-2,-8.075829E-4
1.810234E1,7.947665E-2,5.445147E-2,3.027306E-2,-8.294186E-4
1.811902E1,7.949092E-2,5.447917E-2,3.028355E-2,-8.094748E-4
1.813571E1,7.949359E-2,5.448004E-2,3.028386E-2,-8.096284E-4
1.815239E1,7.949277E-2,5.447937E-2,3.028151E-2,-8.090518E-4
1.816908E1,7.948622E-2,5.446986E-2,3.027233E-2,-8.155751E-4
1.818576E1,7.948367E-2,5.446857E-2,3.027082E-2,-8.144732E-4
1.820245E1,7.948305E-2,5.446827E-2,3.027099E-2,-8.148309E-4
1.821913E1,7.948254E-2,5.446807E-2,3.027048E-2,-8.150660E-4
1.823581E1,7.948769E-2,5.447307E-2,3.026892E-2,-8.147523E-4
1.825250E1,7.948656E-2,5.447178E-2,3.026979E-2,-8.146209E-4
1.826918E1,7.947806E-2,5.446735E-2,3.027734E-2,-8.045545E-4
1.828587E1,7.947716E-2,5.446565E-2,3.028334E-2,-7.942893E-4
1.830255E1,7.947119E-2,5.446624E-2,3.026006E-2,-8.120636E-4
1.831924E1,7.947300E-2,5.446672E-2,3.026335E-2,-8.120800E-4
1.833592E1,7.947328E-2,5.446270E-2,3.025717E-2,-8.227747E-4
1.835260E1,7.947113E-2,5.446093E-2,3.026364E-2,-8.165555E-4
1.836929E1,7.947294E-2,5.446226E-2,3.026365E-2,-8.163725E-4
1.838597E1,7.947467E-2,5.446292E-2,3.026496E-2,-8.157106E-4
1.840266E1,7.946962E-2,5.445517E-2,3.026571E-2,-8.155121E-4
1.841934E1,7.948755E-2,5.448031E-2,3.026207E-2,-8.203198E-4
1.843602E1,7.949302E-2,5.448432E-2,3.027246E-2,-8.054490E-4
1.845271E1,7.948967E-2,5.448061E-2,3.027300E-2,-8.069753E-4
1.846939E1,7.948629E-2,5.447460E-2,3.027220E-2,-8.080291E-4
1.848608E1,7.948726E-2,5.447444E-2,3.027215E-2,-8.071044E-4
1.850276E1,7.947823E-2,5.446651E-2,3.027281E-2,-8.034296E-4
1.851945E1,7.947894E-2,5.446721E-2,3.027039E-2,-8.076410E-4
1.853613E1,7.947968E-2,5.446691E-2,3.027376E-2,-8.114918E-4
1.855281E1,7.948465E-2,5.447189E-2,3.027405E-2,-8.110292E-4
1.856950E1,7.946836E-2,5.445864E-2,3.027103E-2,-8.134188E-4
1.858618E1,7.947139E-2,5.446084E-2,3.026819E-2,-8.126254E-4
1.860287E1,7.946153E-2,5.445284E-2,3.025828E-2,-8.133579E-4
1.861955E1,7.946219E-2,5.445331E-2,3.025930E-2,-8.142134E-4
1.863623E1,7.946917E-2,5.445931E-2,3.025868E-2,-8.173130E-4
1.865292E1,7.943642E-2,5.440848E-2,3.026166E-2,-8.200151E-4
1.866960E1,7.944751E-2,5.443078E-2,3.026220E-2,-8.198171E-4
1.868629E1,7.945839E-2,5.444583E-2,3.023607E-2,-8.488749E-4
1.870297E1,7.950393E-2,5.448840E-2,3.025644E-2,-8.200226E-4
1.871966E1,7.949393E-2,5.448131E-2,3.025962E-2,-8.184689E-4
1.873634E1,7.949433E-2,5.449135E-2,3.025434E-2,-8.125675E-4
1.875302E1,7.948707E-2,5.447835E-2,3.025912E-2,-8.111012E-4
1.876971E1,7.948312E-2,5.447359E-2,3.026157E-2,-8.114609E-4
1.878639E1,7.948162E-2,5.446989E-2,3.026613E-2,-8.089292E-4
1.880308E1,7.947266E-2,5.446423E-2,3.026864E-2,-8.085895E-4
1.881976E1,7.944045E-2,5.442237E-2,3.027019E-2,-8.094997E-4
1.883644E1,7.945854E-2,5.444488E-2,3.026463E-2,-8.129648E-4
1.885313E1,7.946332E-2,5.445356E-2,3.026181E-2,-8.155961E-4
1.886981E1,7.946541E-2,5.445264E-2,3.024798E-2,-8.236452E-4
1.888650E1,7.952283E-2,5.438397E-2,3.015982E-2,-7.948289E-4
1.890318E1,7.952397E-2,5.435917E-2,3.013761E-2,-8.075044E-4
1.891987E1,7.951354E-2,5.434628E-2,3.012607E-2,-8.108493E-4
1.893655E1,7.949530E-2,5.433006E-2,3.010194E-2,-8.213366E-4
1.895323E1,7.949174E-2,5.432360E-2,3.011173E-2,-8.046169E-4
1.896992E1,7.949025E-2,5.432004E-2,3.010714E-2,-8.061998E-4
1.898660E1,7.948903E-2,5.431665E-2,3.010699E-2,-8.107606E-4
1.900329E1,7.949493E-2,5.432350E-2,3.010658E-2,-8.132764E-4
1.901997E1,7.948258E-2,5.430741E-2,3.011591E-2,-8.055817E-4
1.903666E1,7.948241E-2,5.430702E-2,3.011130E-2,-8.113180E-4
1.905334E1,7.948687E-2,5.431168E-2,3.010874E-2,-8.141814E-4
1.907002E1,7.948229E-2,5.430726E-2,3.010546E-2,-8.201577E-4
1.908671E1,7.946693E-2,5.429670E-2,3.010210E-2,-8.206546E-4
1.910339E1,7.947803E-2,5.429992E-2,3.009880E-2,-8.127078E-4
1.912008E1,7.947711E-2,5.430050E-2,3.010163E-2,-8.127609E-4
1.913676E1,7.950950E-2,5.434626E-2,3.010277E-2,-8.115701E-4
1.915344E1,7.946958E-2,5.429991E-2,3.010227E-2,-8.120723E-4
1.917013E1,7.947571E-2,5.430578E-2,3.010139E-2,-8.139473E-4
1.918681E1,7.947793E-2,5.430865E-2,3.010182E-2,-8.138966E-4
1.920350E1,7.947858E-2,5.430875E-2,3.010551E-2,-7.983774E-4
1.922018E1,7.948044E-2,5.430999E-2,3.010829E-2,-8.079854E-4
1.923687E1,7.948559E-2,5.431331E-2,3.010444E-2,-8.082794E-4
1.925355E1,7.949001E-2,5.432004E-2,3.010510E-2,-8.089676E-4
1.927023E1,7.950103E-2,5.432277E-2,3.010074E-2,-8.105160E-4
1.928692E1,7.948940E-2,5.431312E-2,3.010433E-2,-8.116109E-4
1.930360E1,7.947792E-2,5.429852E-2,3.011313E-2,-8.064392E-4
1.932029E1,7.949401E-2,5.432952E-2,3.011575E-2,-8.053944E-4
1.933697E1,7.949426E-2,5.432826E-2,3.011417E-2,-8.041486E-4
1.935365E1,7.948981E-2,5.432230E-2,3.011501E-2,-7.908098E-4
1.937034E1,7.947773E-2,5.430377E-2,3.011492E-2,-7.948677E-4
1.938702E1,7.949739E-2,5.432995E-2,3.012119E-2,-7.904043E-4
1.940371E1,7.947737E-2,5.430471E-2,3.004988E-2,-8.368368E-4
1.942039E1,7.947679E-2,5.430776E-2,3.011884E-2,-8.081898E-4
1.943708E1,7.947705E-2,5.430553E-2,3.010683E-2,-8.042344E-4
1.945376E1,7.947799E-2,5.430481E-2,3.010623E-2,-8.069136E-4
1.947044E1,7.947595E-2,5.430543E-2,3.010237E-2,-8.085345E-4
1.948713E1,7.947726E-2,5.430625E-2,3.009049E-2,-8.248216E-4
1.950381E1,7.947160E-2,5.429208E-2,3.010871E-2,-8.087821E-4
1.952050E1,7.947446E-2,5.429854E-2,3.009309E-2,-8.226424E-4
1.953718E1,7.947594E-2,5.430084E-2,3.010408E-2,-8.114933E-4
1.955386E1,7.948331E-2,5.431138E-2,3.010176E-2,-8.122514E-4
1.957055E1,7.948301E-2,5.431291E-2,3.008963E-2,-8.142297E-4
1.958723E1,7.948283E-2,5.431221E-2,3.010532E-2,-8.085066E-4
1.960392E1,7.948273E-2,5.431196E-2,3.010507E-2,-8.084573E-4
1.962060E1,7.947941E-2,5.430824E-2,3.010131E-2,-8.105219E-4
1.963729E1,7.947076E-2,5.429409E-2,3.009280E-2,-8.209077E-4
1.965397E1,7.949382E-2,5.431417E-2,3.010995E-2,-8.013027E-4
1.967065E1,7.949275E-2,5.431441E-2,3.011534E-2,-7.989445E-4
1.968734E1,7.950049E-2,5.432354E-2,3.011694E-2,-7.944512E-4
1.970402E1,7.948293E-2,5.431102E-2,3.012353E-2,-8.039994E-4
1.972071E1,7.948801E-2,5.431750E-2,3.011772E-2,-8.063682E-4
1.973739E1,7.948337E-2,5.430788E-2,3.011422E-2,-8.066810E-4
